429 nodes, 1312 edges.
0	157
0	261
0	269
0	333
0	376
1	312
1	375
2	152
2	181
2	184
2	218
2	226
2	240
2	242
2	248
2	262
2	351
2	394
3	141
3	214
3	400
3	418
4	7
4	14
4	67
4	219
4	240
4	319
4	340
4	367
4	387
5	23
5	30
5	56
5	65
5	138
5	239
5	241
5	253
5	258
5	283
5	342
5	380
5	394
6	136
6	182
6	403
7	11
7	14
7	33
7	65
7	95
7	106
7	116
7	118
7	123
7	138
7	150
7	152
7	184
7	195
7	214
7	226
7	234
7	240
7	244
7	273
7	274
7	282
7	300
7	319
7	327
7	331
7	367
7	383
7	387
7	393
7	394
7	397
7	400
7	418
8	70
8	122
8	277
8	295
8	324
8	349
8	353
8	354
9	366
10	63
10	320
11	132
11	214
11	215
11	286
11	298
11	340
12	195
12	324
12	330
13	67
13	90
13	286
14	49
14	65
14	90
14	116
14	133
14	138
14	219
14	244
14	254
14	267
14	274
14	287
14	294
14	306
14	319
14	345
14	346
14	358
14	359
14	366
14	367
14	383
14	387
14	420
15	308
16	130
16	297
16	343
17	300
17	332
17	387
17	392
18	212
19	63
19	91
19	178
19	300
19	305
19	344
19	375
19	408
19	415
20	127
20	152
20	177
20	218
20	232
20	254
20	351
20	389
21	40
21	304
21	382
21	419
22	24
22	111
23	56
23	158
23	239
23	241
24	111
25	109
25	115
25	184
26	136
26	175
26	185
26	360
26	400
27	234
27	333
27	339
28	158
28	179
28	351
28	389
28	417
29	107
30	56
30	283
31	40
31	45
31	200
31	212
31	299
31	310
32	80
33	54
33	65
33	69
33	83
33	138
33	148
33	158
33	170
33	180
33	195
33	196
33	246
33	260
33	261
33	262
33	274
33	289
33	333
33	358
33	367
33	375
33	387
33	394
33	418
33	422
33	424
34	51
34	297
35	67
35	103
35	170
35	171
35	244
35	358
35	369
35	394
36	351
37	64
37	115
38	274
38	321
39	279
39	419
40	44
40	257
40	382
40	419
41	265
41	268
41	282
41	344
41	415
42	151
42	395
43	65
43	117
43	138
43	170
43	319
44	158
44	266
44	358
44	366
44	399
45	299
46	95
46	106
46	116
46	137
46	138
46	143
46	149
46	158
46	193
46	238
46	244
46	274
46	319
46	323
46	335
46	366
46	367
47	284
47	304
47	412
48	140
48	260
49	83
49	90
49	94
49	113
49	116
49	287
49	359
49	406
49	424
50	260
50	300
50	316
50	318
50	424
51	297
52	127
53	179
53	322
54	180
54	289
55	320
56	65
56	132
56	137
56	138
56	158
56	166
56	172
56	180
56	193
56	228
56	229
56	235
56	239
56	258
56	283
56	296
56	323
56	341
56	342
56	380
56	421
56	424
57	67
57	83
57	183
57	196
58	106
58	137
58	164
58	193
58	284
58	323
58	335
58	369
58	418
59	132
59	258
59	342
60	282
61	65
61	138
61	166
62	219
62	273
62	387
63	81
63	146
63	273
63	308
63	337
63	375
64	354
65	104
65	111
65	116
65	123
65	132
65	138
65	149
65	182
65	214
65	282
65	283
65	331
65	367
65	387
65	393
65	397
65	400
65	401
65	406
65	420
65	422
65	425
66	108
66	122
66	188
66	200
66	299
66	361
67	82
67	138
67	157
67	158
67	167
67	170
67	219
67	244
67	274
67	319
67	342
67	387
67	394
67	397
68	72
69	103
69	258
69	378
69	385
69	400
69	424
70	98
70	223
70	324
71	273
72	85
72	260
72	270
72	294
72	319
72	321
72	360
72	372
72	422
72	424
73	75
73	147
73	148
73	282
74	158
75	147
75	148
76	142
76	219
76	313
76	413
77	219
77	244
78	119
78	152
78	312
79	200
80	299
81	169
81	236
81	249
81	320
81	337
82	158
82	320
82	391
83	116
83	214
83	244
83	352
83	418
84	386
84	406
85	133
85	304
85	385
85	424
86	125
86	191
86	204
87	142
87	313
88	158
88	398
89	118
89	140
89	300
89	332
89	392
90	116
90	270
90	359
91	300
91	324
91	403
92	341
92	394
93	278
94	123
94	232
95	114
95	158
95	234
95	294
95	319
95	422
96	156
96	202
96	320
96	391
97	99
97	344
98	122
98	384
99	115
99	148
99	183
99	231
99	344
99	362
100	333
101	152
101	218
102	328
102	332
103	138
103	161
103	214
103	258
103	261
103	266
103	305
103	378
103	380
103	385
103	400
104	105
104	134
104	197
104	210
104	232
105	181
105	311
105	369
105	402
106	123
106	137
106	149
106	150
106	158
106	193
106	194
106	235
106	260
106	284
106	286
106	291
106	311
106	323
106	335
106	341
106	358
106	366
106	367
106	369
106	400
107	251
107	333
108	299
109	115
109	184
109	214
110	320
111	116
111	123
111	138
111	282
111	367
111	397
111	422
112	152
112	254
113	222
113	400
114	294
114	366
114	420
115	129
115	136
115	158
115	184
115	242
115	274
115	375
116	123
116	138
116	214
116	238
116	244
116	282
116	286
116	319
116	327
116	331
116	359
116	366
116	385
116	420
118	175
118	327
118	339
119	277
119	310
119	350
119	381
119	410
120	168
120	287
121	152
121	262
121	287
121	366
121	379
122	247
122	299
122	324
123	137
123	138
123	145
123	149
123	152
123	184
123	214
123	218
123	219
123	232
123	240
123	242
123	244
123	282
123	286
123	319
123	324
123	327
123	346
123	366
123	397
123	400
124	217
125	190
125	204
125	312
125	388
126	400
126	409
127	152
127	218
127	232
127	248
127	262
127	307
127	351
128	149
128	254
129	314
130	173
131	172
131	225
131	289
131	374
131	394
132	155
132	166
132	172
132	214
132	215
132	228
132	229
132	258
132	283
132	286
132	296
132	340
132	380
133	183
133	224
133	260
133	274
133	291
134	286
134	367
135	301
136	324
136	375
137	145
137	149
137	193
137	228
137	229
137	235
137	239
137	319
137	323
137	335
137	418
138	158
138	170
138	181
138	182
138	214
138	238
138	244
138	265
138	274
138	282
138	283
138	319
138	322
138	327
138	331
138	358
138	366
138	367
138	375
138	387
138	390
138	401
138	406
138	420
138	422
138	425
139	191
139	300
139	403
140	178
140	250
140	270
140	300
140	347
140	368
142	313
144	398
145	319
145	333
146	209
148	156
148	158
148	231
148	262
148	266
148	333
148	334
148	344
149	193
149	194
149	219
149	225
149	235
149	246
149	274
149	284
149	306
149	319
149	323
149	335
149	387
149	397
149	400
149	418
149	427
150	222
150	262
150	286
150	322
150	358
150	400
151	211
151	244
151	290
151	332
151	337
151	355
151	371
151	395
152	218
152	232
152	244
152	254
152	262
152	266
152	286
152	301
152	307
152	319
152	322
152	333
152	346
152	351
152	358
152	366
152	379
152	383
152	387
152	400
153	398
154	392
154	413
155	214
155	296
155	416
156	275
156	333
156	339
156	366
156	420
157	333
158	163
158	166
158	170
158	187
158	193
158	201
158	213
158	228
158	229
158	239
158	263
158	266
158	269
158	274
158	283
158	289
158	318
158	319
158	341
158	342
158	369
158	394
158	397
158	399
158	400
158	424
159	376
160	166
160	233
162	337
162	388
164	166
164	172
164	323
165	201
166	172
166	193
166	233
166	318
166	416
167	170
169	336
170	274
170	321
170	390
170	400
170	422
171	183
171	260
172	283
172	380
174	297
175	339
176	280
176	286
176	370
178	250
178	282
178	303
178	305
178	314
178	392
179	234
179	322
180	292
181	375
182	375
183	260
183	394
183	424
184	214
184	226
184	240
185	321
185	333
185	360
185	397
185	400
186	198
186	220
187	214
187	246
187	281
189	343
190	204
191	300
191	308
191	392
192	255
193	228
193	229
193	235
193	283
193	284
193	323
193	335
193	400
193	416
193	418
194	246
194	335
195	246
195	367
197	232
198	199
198	220
198	381
198	385
200	299
200	384
200	405
200	423
201	342
202	285
202	391
203	299
205	307
206	375
207	289
207	318
208	320
210	222
210	243
210	319
210	387
210	397
211	300
211	332
211	337
212	261
212	277
212	323
212	376
212	406
213	214
213	240
213	267
214	215
214	237
214	262
214	286
214	296
214	300
214	322
214	331
214	340
214	367
214	385
214	394
214	418
215	286
215	340
216	277
217	249
218	262
218	286
218	319
218	346
218	351
219	282
219	286
219	313
219	319
219	358
219	367
219	387
221	267
221	356
221	426
222	286
222	306
222	397
222	400
223	366
223	398
224	291
225	235
225	400
227	381
228	229
228	235
228	283
228	342
228	418
229	235
229	283
229	418
230	255
230	326
231	300
231	344
234	294
234	319
235	274
235	283
235	319
235	335
235	400
235	418
239	241
239	341
239	380
240	244
240	267
240	292
240	322
240	331
240	366
241	258
241	342
242	274
242	366
244	274
244	306
244	331
244	332
244	346
244	357
244	358
244	367
244	375
244	383
244	397
244	411
244	422
245	408
246	288
246	306
246	319
246	351
246	367
248	351
249	386
250	300
250	332
250	392
251	286
251	367
252	351
253	342
253	380
253	394
254	307
254	396
255	302
255	373
255	401
256	364
258	385
259	282
259	314
259	390
260	282
260	316
260	394
260	424
261	266
261	269
261	334
261	350
261	366
261	385
261	396
261	398
262	307
262	333
262	339
262	351
262	387
264	307
265	322
265	367
265	375
266	269
266	304
266	385
267	356
267	426
268	347
270	316
270	321
270	359
270	366
270	372
270	420
271	272
271	355
272	355
273	327
273	332
273	393
274	294
274	319
274	329
274	335
274	400
274	404
276	312
277	291
277	310
277	315
277	324
277	349
277	354
278	300
278	332
278	337
278	382
278	392
280	370
282	303
282	314
282	316
282	332
283	296
283	342
283	380
284	304
284	335
284	400
284	427
285	401
286	298
286	306
286	319
286	320
286	327
286	333
286	340
286	358
286	367
286	383
286	387
286	400
287	382
287	383
288	367
289	318
289	342
291	335
293	300
294	319
294	321
294	372
294	422
295	354
295	396
296	416
297	353
298	348
298	367
298	400
299	354
300	324
300	331
300	332
300	338
300	344
300	368
300	371
300	375
300	392
300	408
300	415
302	319
303	314
304	424
305	375
305	415
306	319
306	387
306	400
308	355
308	376
308	395
309	358
309	359
309	366
310	354
311	335
311	369
312	313
312	366
312	379
312	386
312	388
312	398
312	402
312	413
314	418
316	318
316	376
316	386
316	424
317	408
318	342
318	424
319	333
319	335
319	346
319	367
319	387
319	397
319	400
319	420
319	422
320	391
321	360
321	372
322	359
322	367
322	375
322	406
323	335
323	341
323	400
324	337
324	353
324	375
325	390
326	351
327	332
327	337
327	375
327	387
327	390
327	392
327	395
327	400
330	363
330	408
331	366
331	385
331	394
331	397
332	358
332	366
332	371
332	387
333	334
333	339
333	360
333	367
334	367
335	341
335	358
335	366
335	369
335	400
335	418
337	355
337	386
337	395
342	380
342	394
342	421
344	375
344	415
346	385
346	418
349	353
350	375
350	381
350	407
350	410
351	365
351	367
355	371
355	395
356	426
357	375
358	366
358	367
358	387
360	400
364	375
366	372
366	375
366	386
366	387
366	398
366	420
366	428
367	375
367	387
367	393
367	397
367	411
367	418
367	422
367	424
371	395
373	399
375	376
375	386
377	422
378	385
379	382
379	398
381	407
381	410
382	398
382	419
384	398
385	400
385	424
386	398
387	397
387	400
388	398
388	413
388	414
393	422
396	413
397	400
397	418
397	422
400	404
401	425
405	423
406	420
407	410
	
	
	
	
	
	
	
	
	
	
	
	
	
	
	
	
	
	
	
	
	
	
	
	
	
	
	
	
	
	
	
	
	
	
	
	
	
	
	
	
	
	
	
	
	
	
	
	
	
	
	
	
	
	
	
	
	
	
	
	
	
	
	
	
	
	
	
	
	
	
	
	
	
	
	
	
	
	
	
	
	
	
	
	
	
	
	
	
	
	
	
	
	
	
	
	
	
	
	
	
	
	
	
	
	
	
	
	
	
	
	
	
	
	
	
	
	
	
	
	
	
	
	
	
	
	
	
	
	
	
	
	
	
	
	
	
	
	
	
	
	
	
	
	
	
	
	
	
	
	
	
	
	
	
	
	
	
	
	
	
	
	
	
	
	
	
	
	
	
	
	
	
	
	
	
	
	
	
	
	
	
	
	
	
	
	
	
	
	
	
	
	
	
	
	
	
	
	
	
	
	
	
	
	
	
	
	
	
	
	
	
	
	
	
	
	
	
	
	
	
	
	
	
	
	
	
	
	
	
	
	
	
	
	
	
	
	
	
	
	
	
	
	
	
	
	
	
	
	
	
	
	
	
	
	
	
	
	
	
	
	
	
	
	
	
	
	
	
	
	
	
	
	
	
	
	
	
	
	
	
	
	
	
	
	
	
	
	
	
	
	
	
	
	
	
	
	
	
	
	
	
	
	
	
	
	
	
	
	
	
	
	
	
	
	
	
	
	
	
	
	
	
	
	
	
	
	
	
	
	
	
	
	
	
	
	
	
	
	
	
	
	
	
	
	
	
	
	
	
	
	
	
	
	
	
	
	
	
	
	
	
	
	
	
	
	
	
	
	
	
	
	
	
	
	
	
	
	
	
	
	
	
	
	
	
	
	
	
	
	
	
	
	
	
	
	
	
	
	
	
	
	
	
	
	
	
	
	
	
	
	
	
	
	
	
	
	
	
	
	
	
	
	
	
	
	
	
	
	
	
	
	
	
	
	
	
	
	
	
	
	
	
	
	
	
	
	
	
	
	
	
	
	
	
	
	
	
	
	
	
	
	
	
	
	
	
	
	
	
	
	
	
	
	
	
	
	
	
	
	
	
	
	
	
	
	
	
	
	
	
	
	
	
	
	
	
	
	
	
	
	
	
	
	
	
	
	
	
	
	
	
	
	
	
	
	
	
	
	
	
	
	
	
	
	
	
	
	
	
	
	
	
	
	
	
	
	
	
	
	
	
	
	
	
	
	
	
	
	
	
	
	
	
	
	
	
	
	
	
	
	
	
	
	
	
	
	
	
	
	
	
	
	
	
	
	
	
	
	
	
	
	
	
	
	
	
	
	
	
	
	
	
	
	
	
	
	
	
	
	
	
	
	
	
	
	
	
	
	
	
	
	
	
	
	
	
	
	
	
	
	
	
	
	
	
	
	
	
	
	
	
	
	
	
	
	
	
	
	
	
	
	
	
	
	
	
	
	
	
	
	
	
	
	
	
	
	
	
	
	
	
	
	
	
	
	
	
	
	
	
	
	
	
	
	
	
	
	
	
	
	
	
	
	
	
	
	
	
	
	
	
	
	
	
	
	
	
	
	
	
	
	
	
	
	
	
	
	
	
	
	
	
	
	
	
	
	
	
	
	
	
	
	
	
	
	
	
	
	
	
	
	
	
	
	
	
	
	
	
	
	
	
	
	
	
	
	
	
	
	
	
	
	
	
	
	
	
	
	
	
	
	
	
	
	
	
	
	
	
	
	
	
	
	
	
	
	
	
	
	
	
	
	
	
	
	
	
	
	
	
	
	
	
	
	
	
	
	
	
	
	
	
	
	
	
	
	
	
	
	
	
	
	
	
	
	
	
	
	
	
	
	
	
	
	
	
	
	
	
	
	
	
	
	
	
	
	
	
	
	
	
	
	
	
	
	
	
	
	
	
	
	
	
	
	
	
	
	
	
	
	
	
	
	
	
	
	
	
	
	
	
	
	
	
	
	
	
	
	
	
	
	
	
	
	
	
	
	
	
	
	
	
	
	
	
	
	
	
	
	
	
	
	
	
	
	
	
	
	
	
	
	
	
	
	
	
	
	
	
	
	
	
	
	
	
	
	
	
	
	
	
	
	
	
	
	
	
	
	
	
	
	
	
	
	
	
	
	
	
	
	
	
	
	
	
	
	
	
	
	
	
	
	
	
	
	
	
	
	
	
	
	
	
	
	
	
	
	
	
	
	
	
	
	
	
	
	
	
	
	
	
	
	
	
	
	
	
	
	
	
	
	
	
	
	
	
	
	
	
	
	
	
	
	
	
	
	
	
	
	
	
	
	
	
	
	
	
	
	
	
	
	
	
	
	
	
	
	
	
	
	
	
	
	
	
	
	
	
	
	
	
	
	
	
	
	
	
	
	
	
	
	
	
	
	
	
	
	
	
	
	
	
	
	
	
	
	
	
	
	
	
	
	
	
	
	
	
	
	
	
	
	
	
	
	
	
	
	
	
	
	
	
	
	
	
	
	
	
	
	
	
	
	
	
	
	
	
	
	
	
	
	
	
	
	
	
	
	
	
	
	
	
	
	
	
	
	
	
	
	
	
	
	
	
	
	
	
	
	
	
	
	
	
	
	
	
	
	
	
	
	
	
	
	
	
	
	
	
	
	
	
	
	
	
	
	
	
	
	
	
	
	
	
	
	
	
	
	
	
	
	
	
	
	
	
	
	
	
	
	
	
	
	
	
	
	
	
	
	
	
	
	
	
	
	
	
	
	
	
	
	
	
	
	
	
	
	
	
	
	
	
	
	
	
	
	
	
	
	
	
	
	
	
	
	
	
	
	
	
	
	
	
	
	
	
	
	
	
	
	
	
	
	
	
	
	
	
	
	
	
	
	
	
	
	
	
	
	
	
	
	
	
	
	
	
	
	
	
	
	
	
	
	
	
	
	
	
	
	
	
	
	
	
	
	
	
	
	
	
	
	
	
	
	
	
	
	
	
	
	
	
	
	
	
