3353 nodes, 4831 edges. 
2957	2958	535
1493	1572	77
1589	1602	184
2633	2634	179
1983	1984	22
1452	1453	33
1449	1452	48
696	697	50
1446	1452	23
2033	2035	71
563	565	191
706	1438	40
359	360	81
358	359	182
1479	1480	17
2813	2832	14
1435	1436	56
1565	1570	72
1567	1570	76
1566	1567	90
2857	2883	17
1466	1469	128
1992	1993	92
2057	2058	197
2433	2435	78
2439	2491	12
1563	1564	61
161	162	10
552	556	11
552	555	10
1464	1465	178
350	366	108
366	367	24
351	367	12
2049	2050	72
1433	1434	184
1562	1598	11
1980	1982	145
1432	1433	116
1557	1598	58
2417	2422	96
2050	2051	135
2808	2810	231
2619	2620	13
2589	2591	59
693	694	66
2394	2395	39
1595	1596	485
591	655	160
2587	2631	784
1793	1794	92
2876	2877	16
2877	2878	18
1812	1813	20
652	653	20
2617	2618	11
1226	1227	39
1737	1738	182
163	166	13
1798	1799	12
538	539	102
1750	1751	107
1369	1374	54
1229	1231	37
1229	1232	92
1925	1926	86
1225	1229	38
539	541	54
2576	2578	14
1784	1790	16
527	528	69
1783	1784	66
1809	1922	89
1809	1919	7
2827	2828	33
1919	1921	42
2612	2613	504
1804	1805	62
1786	1787	80
2577	2582	7
634	637	322
583	584	43
1380	1381	73
1916	1917	122
632	634	179
1417	1424	30
640	641	3
631	641	14
2392	2393	13
2385	2392	24
2613	2615	636
1779	1780	69
1916	1918	242
1947	1948	70
1258	1259	78
2624	2625	417
1773	1779	87
1720	1721	143
2583	2585	108
1717	1720	22
1942	1946	42
1930	1946	239
1205	1217	32
1771	1773	95
1945	1946	47
1415	1416	47
1771	1772	61
1915	1918	250
191	192	1214
1914	1915	8
1722	1727	135
2622	2623	37
517	518	36
1940	1941	16
2814	2815	102
2871	2875	16
188	189	11
1349	1350	82
2817	2826	336
1407	1408	10
2945	2946	142
2793	2795	326
1766	1767	33
1763	1766	48
1763	1767	46
1763	1764	28
1888	1889	70
1762	1763	30
1762	1764	21
642	643	45
1888	1890	85
1243	1247	24
1760	1761	92
1402	1403	49
1246	1247	102
1938	1939	66
1902	1904	72
1724	1725	98
2824	2825	18
1244	1245	51
2568	2569	26
1901	1902	65
1840	1902	113
1241	1244	21
2558	2559	28
1239	1241	126
1839	1901	120
1673	1675	110
2565	2567	6
1871	1872	50
1836	1841	7
1208	1209	95
1207	1208	29
1207	1209	95
1878	1883	79
1877	1878	125
442	443	115
442	451	633
440	445	1071
443	446	594
391	421	426
420	421	221
421	455	405
455	456	441
456	457	737
409	458	991
457	458	56
457	459	440
428	463	575
461	463	580
458	464	709
413	464	1147
464	468	654
468	469	671
465	467	316
467	468	401
467	570	690
447	463	419
446	447	506
447	450	234
448	450	446
450	471	350
456	472	990
471	472	286
472	474	608
472	490	1633
474	475	532
448	476	1509
476	836	825
474	478	454
476	478	1125
475	495	418
479	480	540
478	483	390
479	485	381
481	484	277
484	485	177
485	486	121
487	936	234
486	949	339
490	491	348
475	488	660
491	496	688
491	492	362
492	498	353
480	481	122
494	495	76
484	499	540
494	499	377
499	500	343
496	498	798
498	501	219
500	502	485
501	502	88
502	503	26
505	508	637
508	511	141
506	508	160
504	510	290
508	513	257
510	511	400
512	960	526
334	514	463
515	517	271
352	517	1378
518	519	902
514	519	1617
519	522	784
520	522	810
406	514	1831
405	406	2859
406	523	167
414	526	930
524	526	160
522	527	918
528	529	299
528	535	542
530	532	338
532	581	289
529	533	331
530	533	361
529	537	472
536	537	281
537	538	288
538	540	528
351	542	153
542	545	551
373	543	327
373	545	411
518	546	1397
542	546	1221
527	546	867
545	549	1230
547	549	444
370	373	1649
546	550	911
550	551	352
549	558	931
536	554	645
550	552	1025
535	555	602
554	555	9
554	557	34
556	557	33
540	557	392
550	558	911
558	562	280
556	561	658
561	563	145
559	561	614
562	566	530
566	568	88
526	573	648
526	572	904
572	573	607
523	574	1020
573	574	280
574	577	463
570	571	467
571	575	344
577	578	331
579	613	424
580	613	457
523	581	1096
532	585	692
533	583	485
537	584	442
583	585	270
541	584	346
585	587	323
587	589	190
589	599	156
577	593	558
592	593	77
580	592	229
593	594	54
581	588	767
588	594	357
588	595	165
587	588	397
595	596	73
596	597	316
590	595	337
594	626	530
595	627	554
587	590	180
589	590	296
597	599	587
570	600	914
601	606	296
578	601	1626
600	604	345
492	604	858
507	604	154
498	507	827
506	507	261
507	605	255
606	608	137
602	607	417
606	607	187
607	612	837
612	613	448
612	615	36
615	617	236
620	623	327
616	1194	1359
592	614	672
624	628	385
624	626	137
612	614	598
614	628	300
626	627	43
628	629	461
627	629	616
629	630	178
599	636	875
632	635	210
596	635	791
630	635	351
632	636	143
636	637	222
637	638	340
630	631	253
635	640	279
634	640	224
629	647	384
614	642	1188
642	644	308
643	645	507
631	649	416
631	648	405
648	649	152
649	650	74
649	652	507
653	692	56
648	654	498
652	654	175
653	1430	197
540	565	654
540	657	604
539	591	763
655	656	979
589	591	870
655	657	459
657	659	673
565	659	769
659	660	170
661	662	375
660	661	56
561	567	927
660	664	534
661	663	348
666	668	471
568	671	1128
671	672	270
667	669	541
667	670	542
662	663	235
663	673	304
673	674	440
672	673	664
672	676	320
670	676	340
676	677	141
638	679	912
679	689	102
662	680	1964
679	680	907
680	684	211
680	685	291
681	685	242
685	688	59
684	688	411
684	702	492
687	689	230
689	690	221
650	690	706
690	691	193
686	687	618
687	696	667
691	692	133
692	693	187
691	693	196
694	1430	195
693	704	350
696	698	387
686	698	301
698	700	343
701	702	656
700	701	73
700	707	173
701	723	205
703	704	1344
703	705	35
705	1447	369
705	707	220
702	710	373
708	710	226
711	722	467
678	716	150
677	678	882
713	714	216
711	716	166
713	717	415
710	722	333
720	722	164
720	725	276
719	720	433
707	724	273
718	721	216
716	718	342
717	718	330
726	728	3037
259	727	1127
263	727	2200
727	728	4496
196	732	3104
729	731	1785
733	735	431
727	735	6667
735	736	1192
743	745	838
282	738	1891
296	738	984
304	739	638
744	746	1171
740	741	306
740	747	519
310	749	432
309	438	897
438	749	71
748	750	702
750	754	989
749	750	245
750	751	495
749	751	481
751	755	373
754	755	1135
746	756	1000
736	757	1239
756	758	959
759	760	402
754	760	1294
760	762	234
760	761	297
763	764	386
762	763	205
762	769	399
765	766	73
764	765	401
736	737	1733
731	737	5419
737	791	2392
757	777	1625
761	769	311
771	773	56
770	771	973
775	777	435
777	778	1006
778	779	514
781	782	1052
769	770	1538
770	782	305
782	1073	960
782	800	868
800	801	1089
731	732	3452
732	787	4814
787	788	81
788	789	429
791	795	1719
791	794	1450
792	794	417
785	795	2432
778	780	2655
798	800	774
800	802	1289
802	803	70
796	805	2273
805	806	131
804	806	17
803	804	1547
803	809	889
807	809	473
795	810	1863
789	810	5048
797	810	500
796	797	2612
811	813	623
805	813	3737
813	815	1902
814	815	2148
818	820	230
820	2679	1197
437	438	1115
822	824	764
824	825	363
824	844	656
827	829	466
827	828	513
764	829	1494
828	862	383
824	826	804
830	832	73
832	863	283
439	833	1196
825	833	218
825	834	337
836	842	315
454	838	1008
838	841	166
843	929	379
834	844	219
830	844	763
844	845	260
845	846	391
845	847	171
847	851	367
847	848	282
848	850	114
846	851	150
851	879	285
852	854	188
850	854	254
854	881	91
833	849	1346
848	849	272
850	881	343
855	897	368
435	901	3039
829	857	978
857	859	498
859	862	630
864	867	297
863	866	412
866	873	592
867	868	133
867	890	315
868	877	455
774	870	140
862	873	980
873	875	218
875	877	254
877	912	348
859	874	912
871	874	103
870	871	330
871	876	264
876	1053	548
846	878	268
865	878	50
865	890	406
881	895	135
854	884	279
881	885	277
889	894	251
880	891	428
891	892	194
887	914	280
887	893	282
889	915	505
894	905	478
897	900	108
901	902	93
899	901	82
899	907	333
838	902	1549
900	906	353
902	911	312
889	903	273
903	905	240
904	906	85
904	918	368
906	907	355
908	911	253
908	910	198
890	912	501
912	1056	609
892	913	449
917	1057	348
915	918	590
918	919	96
919	921	163
917	921	825
921	922	72
919	920	244
922	923	123
923	925	214
925	926	40
926	1062	503
925	927	181
927	928	97
926	928	183
842	930	901
483	930	846
930	932	185
929	931	388
483	933	146
933	935	564
934	935	296
933	936	123
487	938	294
934	940	285
939	941	134
930	941	518
932	943	562
940	946	385
929	944	769
931	944	384
946	965	526
942	964	598
949	950	41
500	950	512
949	951	182
934	938	559
950	953	363
500	952	358
951	955	397
953	955	234
946	955	404
510	957	296
952	957	258
510	958	350
961	1179	341
958	962	351
957	963	549
962	963	138
961	962	275
976	1184	717
955	965	382
953	966	440
965	966	308
966	970	248
964	971	523
967	969	215
970	971	198
970	972	163
969	971	123
971	973	245
972	973	149
969	974	254
974	1019	134
973	978	220
963	970	669
976	977	116
972	980	402
979	1023	77
980	1024	70
977	981	505
981	1026	167
982	983	1031
982	1199	125
981	982	220
902	984	870
984	994	370
984	985	413
947	985	835
986	987	295
986	990	265
947	988	636
986	988	142
985	987	310
987	990	317
985	1000	294
988	1034	528
990	1034	481
908	992	444
984	992	495
992	993	250
994	1000	55
994	995	78
995	997	271
993	997	341
995	996	272
927	993	441
993	999	423
996	1003	192
996	999	374
1000	1001	500
990	1001	280
1001	1002	348
1002	1035	351
1003	1005	405
1001	1005	302
1005	1006	162
1006	1008	181
1008	1009	132
1005	1091	300
964	989	627
967	1015	319
1013	1017	83
988	989	277
989	1014	126
1013	1015	208
1014	1016	151
969	1013	234
1017	1018	97
1018	1019	199
1016	1021	230
1014	1021	393
1018	1021	360
989	1021	1034
1019	1025	240
978	1025	80
1023	1025	87
1023	1024	96
1024	1026	194
1026	1027	173
1027	1028	142
1027	1031	196
1031	1288	273
1024	1041	859
1034	1035	318
1035	1038	552
1035	1037	440
1008	1113	486
1038	1039	167
1043	1045	134
1043	1044	273
1038	1045	504
1044	1046	340
1045	1046	445
1047	1048	107
765	767	412
767	1050	84
767	857	932
763	1050	1007
773	872	895
870	872	390
774	1051	396
1056	1058	340
1055	1056	90
1053	1055	197
773	774	1450
1057	1058	302
1057	1060	675
924	1060	206
922	924	1181
924	1064	348
1064	1065	339
1069	1075	922
1069	1073	827
1055	1072	1638
1070	1072	527
1074	2096	345
1075	2098	1100
1064	1076	876
1076	1081	772
1080	1081	499
1080	1084	542
1084	1147	561
928	1090	742
1086	1090	20
999	1089	355
1088	1089	22
1062	1082	424
1082	1090	261
1080	1082	2132
1082	1100	259
1090	1101	497
1007	1091	165
1092	1098	233
1089	1097	552
1091	1094	489
1094	1095	148
1007	1094	413
1078	1100	927
1100	1102	374
1102	1106	227
1101	1105	212
1105	1106	97
1097	1103	411
1097	1109	666
1105	1107	382
1107	1139	268
1107	1108	168
1106	1108	338
1109	1110	244
1107	1109	594
1109	1130	244
1037	1114	158
1112	1114	200
1114	1115	108
1115	1116	105
1116	1118	311
1118	1119	122
1115	1119	356
1119	1121	374
1119	1124	408
1117	1120	688
1120	1128	225
1120	1121	178
1118	1122	339
1045	1122	543
1122	1124	448
1048	1123	475
1123	1126	178
1110	1128	440
1110	1117	644
1130	1131	226
1130	1134	801
1121	1134	556
1132	1134	633
1124	1135	677
1134	1135	337
1135	1136	110
1123	1136	825
1136	1160	466
1136	1137	200
1049	1137	691
1137	1138	92
1137	1162	438
1108	1144	676
1139	1145	456
1139	1143	488
1142	1143	47
1142	1154	610
1144	1145	184
1143	1145	597
1144	1149	1358
1149	1150	100
1147	1149	457
1150	2114	641
1144	1153	643
1151	1153	579
1131	1132	488
1159	1161	83
1155	1161	1125
1159	1160	554
1160	1162	235
1168	1169	100
1166	1168	110
1168	1170	300
1160	1170	572
1170	1173	280
1161	2116	1496
1171	1173	126
1174	1177	200
1177	2129	466
1176	2124	531
513	1178	360
1830	1831	106
2821	2822	16
579	580	207
578	579	24
1706	1707	85
1876	1877	62
2925	2926	42
2338	2346	14
2799	2801	884
1834	1835	76
2320	2321	76
1339	1344	87
616	617	220
615	616	163
1336	1339	62
1204	1207	298
1203	1206	158
1334	1336	17
1202	1203	36
1202	1204	30
348	349	16
1837	1862	10
1338	1341	133
1337	1338	92
2540	2541	22
1194	1195	78
1843	1863	15
1693	1694	37
1211	1212	94
1343	1672	71
1210	1211	209
1210	1212	261
2781	2818	17
2797	2798	362
2796	2797	348
1317	1319	88
1820	1821	74
1691	1692	17
2367	2368	122
1689	1690	19
346	347	13
1819	1825	30
335	336	19
2316	2318	70
571	572	49
2151	2319	72
2734	2797	657
608	609	5
609	610	2
608	610	5
1294	1295	79
1294	1298	68
2733	2734	204
605	606	100
2149	2150	86
1290	1292	68
1680	1682	351
2139	2313	194
1184	1185	72
1183	1184	20
2174	2175	52
600	601	278
1288	1289	73
1047	1313	82
2723	2724	26
1046	1047	28
1166	1169	171
1032	1293	93
2309	2311	143
1163	1166	76
1028	1029	115
1049	1126	140
1030	1031	38
1176	1177	70
1162	1163	249
168	169	16
2169	2170	28
960	961	117
2124	2125	72
1041	1043	101
2721	2722	36
2136	2137	328
2147	2148	136
963	976	25
2128	2132	124
173	174	14
2728	2729	16
2163	2164	25
2747	2748	8
501	505	29
503	504	85
503	505	30
2253	2254	68
973	974	70
2261	2262	16
2143	2144	161
2251	2252	22
398	402	738
401	413	11
401	411	298
952	953	598
1016	1017	114
2185	2244	12
2742	2743	121
2772	2773	163
330	332	19
1014	1015	23
496	497	15
2238	2239	24
2711	2717	124
2710	2711	158
2739	2740	13
3009	3012	187
3162	3163	919
3315	3316	15
3267	3311	118
3265	3266	14
3158	3159	11
3256	3257	18
3263	3264	13
3136	3137	14
3105	3106	30
3134	3135	14
3155	3157	235
3036	3038	62
3065	3066	11
3269	3270	14
3273	3275	20
3343	3344	10
3342	3343	29
3342	3344	20
3057	3058	12
3274	3276	22
3252	3253	67
3094	3096	192
3248	3250	205
3031	3032	11
3109	3115	179
3243	3245	13
3339	3340	153
3295	3296	228
3298	3299	22
3286	3287	322
3184	3185	64
3226	3229	92
3332	3334	393
3332	3335	10
3125	3126	169
3180	3181	236
3227	3228	373
3225	3226	177
3203	3204	140
3224	3227	37
3224	3225	114
3336	3337	29
3191	3192	19
3193	3196	128
3192	3193	155
3281	3282	126
2860	2861	17
2966	2967	682
3083	3084	16
3289	3290	39
3088	3100	53
2894	2895	31
3220	3222	68
2484	3173	63
2989	2990	11
3022	3025	212
2645	2646	236
2468	2469	173
1640	1641	12
1532	1534	18
666	667	33
2648	2649	37
2855	2856	16
2512	2513	70
669	670	89
669	671	26
2480	2481	76
1654	1662	115
2088	2089	120
1636	1637	10
2667	2668	533
1638	1639	48
2953	2955	11
678	713	103
2019	2021	49
1655	1661	99
1653	1654	229
1635	1644	180
719	721	141
2082	2083	33
1520	1521	112
1510	1511	15
1625	1626	44
1627	1628	38
1625	1627	38
1515	1516	6
2452	2453	223
371	372	22
1517	1518	26
2449	2477	194
2889	2890	11
2940	2942	15
2454	2455	78
2078	2079	30
2450	2451	60
2658	2665	241
2939	2941	12
2078	2080	125
2938	2941	27
1507	1508	155
2432	2454	178
2014	2015	13
566	567	367
1592	1593	82
724	725	5
723	724	6
723	725	9
567	664	52
369	370	18
2931	2932	33
1514	1577	189
2069	2070	13
2068	2069	26
1605	1606	133
559	562	14
1614	1623	16
1977	1978	71
1978	2001	16
2441	2442	11
21	22	12
2440	2444	44
2424	2425	14
2063	2064	8
2062	2063	21
2846	2847	13
2002	2005	15
1495	1496	55
1615	1616	156
1605	1607	381
2593	2641	431
2006	2007	99
1969	1970	273
16	17	4
17	18	2
15	18	2
15	17	2
14	18	1
13	14	5
13	15	3
13	16	8
1619	1621	108
1969	1971	245
1998	1999	32
1573	1574	150
164	165	15
1585	1588	22
2593	2637	231
2837	2839	208
686	688	70
2839	2845	14
495	496	137
488	490	251
1131	1140	22
1131	1142	118
1092	1093	141
938	951	13
2220	2221	177
480	494	89
1156	2116	490
1155	1156	338
1154	1159	1075
2281	2283	128
1156	2113	87
2280	2281	13
2280	2282	357
1151	1154	99
1012	1092	152
1010	1012	180
2275	2276	42
486	487	36
1007	1012	109
1006	1007	338
1152	1155	336
2217	2218	111
1151	1152	549
2713	2714	12
1158	2113	279
1152	1158	101
2715	2716	12
399	401	989
2116	2120	1314
2230	2233	136
1158	2114	130
939	940	75
933	934	133
478	479	20
152	153	560
387	399	385
1095	1096	1
387	397	116
941	942	160
1095	1097	14
942	943	156
941	943	43
2735	2736	12
2228	2229	19
2119	2120	377
2270	2271	11
935	939	306
2227	2228	156
2708	2709	12
1103	1105	4
394	395	171
1101	1102	42
1150	1153	487
326	331	13
2106	2111	184
931	932	134
2764	2765	13
407	409	95
2762	2763	13
146	147	8
2196	2197	189
2692	2693	18
842	843	78
840	843	6
907	911	18
840	841	100
898	899	54
385	386	92
384	395	1495
897	898	77
898	900	96
910	920	289
904	908	213
920	923	73
2198	2200	181
905	906	81
323	324	13
903	904	248
849	855	210
2201	2202	115
894	895	59
2207	2208	350
2755	2758	195
888	889	123
319	320	237
886	887	136
445	454	27
452	453	10
914	915	88
451	452	34
453	454	228
893	914	38
851	852	90
892	893	109
1081	1083	423
879	880	18
913	917	46
912	913	198
890	891	150
388	389	259
2204	2205	11
181	182	26
875	876	34
873	874	88
2101	2102	911
325	327	10
382	383	13
425	435	612
826	828	20
1067	1069	143
1074	1075	178
819	2195	9
801	1074	60
872	1050	132
755	827	41
857	858	21
801	1073	269
142	144	70
311	312	511
224	311	27
144	145	494
185	186	14
290	291	29
223	224	1058
306	307	11
752	754	559
747	748	9
758	759	18
779	781	27
304	305	178
739	740	336
738	739	92
273	274	72
756	757	139
265	268	182
743	744	54
51	62	672
780	796	587
780	794	633
281	282	128
219	220	1127
121	122	26
52	54	43
49	55	13
63	64	260
46	47	251
123	124	504
116	117	37
213	214	186
32	33	11
207	237	10
35	36	95
37	38	140
200	201	10
79	85	87
83	85	52
89	90	11
204	205	113
202	204	134
93	95	13
73	74	10
258	259	13
259	261	11
258	261	5
247	258	6
246	247	14
259	260	16
260	261	7
247	248	8
246	248	14
256	260	6
254	256	6
248	253	8
253	254	5
256	257	11
253	255	7
251	257	6
250	251	7
250	255	10
732	783	13
5	6	126
8	9	96
11	12	359
25	26	126
38	39	105
40	41	37
43	44	69
52	53	52
51	66	101
67	68	93
74	75	20
77	78	116
83	84	71
87	88	22
93	94	37
100	101	57
107	108	59
110	111	331
113	114	81
117	118	132
130	131	246
134	135	271
136	137	71
142	143	57
148	149	281
153	154	367
156	157	133
177	178	108
179	180	355
183	184	573
192	193	269
197	198	538
202	203	59
211	212	47
215	216	120
218	222	91
225	226	521
214	230	63
235	236	143
243	244	157
242	245	182
249	262	290
266	267	237
268	269	105
274	275	102
279	280	80
285	286	166
294	295	206
297	298	57
302	303	117
305	308	112
320	321	176
328	329	184
340	341	26
344	345	311
360	361	308
376	377	88
379	380	188
391	392	102
395	396	695
399	400	369
403	404	197
407	408	69
411	412	159
301	415	155
392	418	197
423	424	293
427	428	324
427	429	290
433	434	82
440	441	76
448	449	65
459	460	136
461	462	141
465	466	255
469	470	178
471	473	70
476	477	104
481	482	83
488	489	120
492	493	70
504	509	69
515	516	66
520	521	139
524	525	100
530	531	187
534	535	324
534	536	79
543	544	193
547	548	218
551	553	378
559	560	149
563	564	103
568	569	242
575	576	173
581	582	233
541	586	151
597	598	58
602	603	75
607	611	100
621	622	49
624	625	46
632	633	60
638	639	57
644	646	80
650	651	98
656	658	192
664	665	36
674	675	114
681	682	58
680	683	55
694	695	41
697	699	42
708	709	35
711	712	199
714	715	102
712	721	54
729	730	93
733	734	1530
741	742	90
752	753	71
734	746	913
761	768	87
771	772	170
775	776	174
785	786	96
792	793	240
798	799	135
807	808	252
811	812	284
820	821	302
822	823	150
830	831	29
834	835	136
836	837	68
852	853	55
855	856	101
858	860	260
859	861	67
868	869	176
866	869	250
766	860	493
895	896	126
909	910	415
907	909	96
915	916	128
936	937	64
944	945	60
947	948	64
952	954	352
953	954	284
955	956	103
958	959	182
959	960	160
967	968	90
974	975	47
990	991	44
997	998	73
1003	1004	75
1010	1011	60
1019	1020	118
1021	1022	84
1032	1033	42
1036	1037	190
1039	1040	59
1041	1042	72
1051	1052	91
1053	1054	91
1058	1059	71
1060	1061	125
1062	1063	71
1065	1066	30
1067	1068	109
1070	1071	44
1076	1077	34
1078	1079	83
1084	1085	101
1086	1087	199
1087	1088	202
1098	1099	51
1103	1104	93
1036	1116	154
1124	1125	107
1126	1127	89
1128	1129	58
1132	1133	87
1140	1141	169
1145	1146	119
1152	1157	164
1164	1165	114
1163	1167	72
1181	1182	65
1182	1187	116
618	645	125
983	1196	84
1197	1198	73
1211	1213	85
1218	1219	43
1239	1240	138
1253	1254	41
1264	1265	51
1271	1272	45
1029	1287	82
1290	1291	69
1301	1302	87
1295	1310	55
1317	1318	94
1320	1321	45
1347	1348	60
1353	1354	43
1355	1356	47
1361	1362	50
1374	1375	48
1382	1383	54
1387	1388	43
1394	1395	32
1400	1401	33
1413	1414	42
1426	1427	83
1434	1440	78
1447	1448	34
1446	1451	43
1466	1468	103
1473	1476	41
1490	1491	72
1460	1498	61
1518	1519	112
1523	1524	100
1567	1569	73
1514	1576	89
1599	1600	51
1602	1603	396
1606	1608	60
1613	1618	41
1651	1652	64
1664	1665	123
1673	1674	70
1677	1678	85
1680	1681	150
1697	1698	84
1704	1705	60
1709	1710	113
1712	1713	97
1718	1719	46
1728	1729	90
1729	1731	133
1428	1736	64
1738	1746	46
1748	1749	59
1744	1749	92
1725	1753	59
1764	1765	133
1774	1775	67
1745	1782	81
1796	1797	65
1810	1811	65
1815	1816	44
1173	1824	33
1826	1827	46
1822	1828	133
1831	1838	75
1845	1846	147
1850	1851	157
1860	1864	102
1867	1868	76
1869	1870	109
1896	1898	54
1890	1903	96
1892	1903	89
1806	1920	83
1917	1928	95
1932	1933	120
1911	1936	84
1951	1952	112
1948	1954	75
1949	1958	167
1960	1961	233
1961	1962	370
1964	1965	262
1972	1973	60
1795	1981	51
1985	1986	138
2005	2010	190
2010	2011	110
2014	2017	359
2019	2020	173
2017	2023	339
2028	2029	75
2028	2030	46
2033	2034	78
2037	2038	83
2047	2048	137
2059	2060	209
2064	2065	231
2065	2071	275
2076	2077	50
2080	2081	102
2093	2094	84
2096	2097	280
2102	2103	179
2111	2112	189
2117	2118	170
2116	2121	413
2122	2123	59
2134	2135	120
2138	2142	79
2152	2153	58
2158	2159	81
2165	2167	49
2166	2168	98
2175	2176	142
2177	2178	79
2187	2188	101
2191	2192	53
2198	2199	104
2202	2203	97
2208	2209	153
2212	2213	179
2222	2223	74
2229	2232	76
2230	2234	87
2241	2242	60
2244	2245	71
2249	2250	61
2258	2259	104
2263	2264	151
2268	2269	308
2276	2277	72
2282	2288	98
2290	2291	106
2284	2298	84
2299	2300	119
2302	2303	86
2306	2307	87
2309	2310	66
2314	2315	54
2316	2317	60
2324	2325	71
2332	2333	67
2341	2342	44
2342	2344	44
2354	2355	99
2365	2366	83
2369	2370	93
2373	2374	59
2379	2380	107
2386	2387	46
2397	2398	137
2402	2404	47
2408	2409	94
2411	2412	123
2060	2418	172
1964	2359	413
2429	2430	103
2433	2434	53
2437	2438	127
2444	2445	95
2447	2448	98
2464	2465	45
2474	2475	61
2483	2487	64
2400	2492	139
2495	2496	80
2502	2503	62
2506	2507	52
2509	2510	58
2519	2523	85
2526	2527	44
2543	2544	63
2553	2554	56
2559	2561	66
2565	2566	43
2574	2575	78
2583	2584	66
2587	2588	104
2589	2590	53
2596	2597	43
2267	2598	185
2595	2598	52
2603	2604	65
2606	2607	71
2610	2611	318
2615	2616	96
2610	2626	111
2625	2628	107
2634	2636	56
2638	2640	208
2642	2643	197
2649	2650	89
2651	2652	67
2660	2661	82
2662	2663	69
2665	2666	86
2668	2670	113
2675	2676	61
2688	2689	84
2694	2695	79
2698	2699	141
2702	2703	63
2706	2707	199
2717	2718	308
2730	2731	80
2738	2741	65
2743	2744	49
2756	2757	81
2759	2760	141
2766	2767	116
2773	2774	72
2779	2780	78
2782	2783	328
2784	2785	69
2791	2792	135
2793	2794	165
2797	2800	66
2804	2805	63
2808	2809	106
2819	2820	109
2828	2829	243
2834	2835	172
2837	2838	212
2841	2842	99
2848	2849	129
2858	2859	138
2864	2865	128
2823	2867	163
2872	2873	140
2879	2880	167
2884	2885	116
2891	2892	142
2897	2898	55
2899	2900	72
2906	2907	38
2918	2919	55
2926	2928	44
2935	2936	152
2943	2944	95
2948	2949	139
2950	2951	275
2958	2959	215
2967	2968	414
2975	2976	845
2979	2980	291
2987	2988	182
2991	2992	356
3002	3004	219
3007	3008	195
3018	3019	579
668	3021	503
3025	3026	185
3029	3030	101
2996	3035	552
3039	3040	221
3041	3042	229
3033	3034	563
3047	3048	88
3052	3053	166
3061	3062	489
3063	3064	324
3074	3075	102
3080	3081	114
3085	3086	33
3089	3090	325
3094	3095	344
3102	3103	66
3113	3114	84
3116	3117	61
3118	3119	49
3128	3129	125
3130	3131	163
3141	3142	207
3151	3152	105
3155	3156	94
3160	3161	171
3163	3165	320
3166	3167	188
3169	3170	331
3171	3172	408
2484	3174	89
3177	3178	74
3182	3183	127
3193	3195	90
3185	3201	293
3201	3202	279
3215	3216	251
3220	3221	72
3228	3231	119
3238	3239	246
3237	3239	211
3243	3244	83
3246	3247	45
3248	3249	147
3254	3260	208
3271	3272	329
2533	3279	81
3283	3284	131
3291	3292	75
3296	3297	110
3287	3301	241
3303	3304	128
3308	3309	222
3267	3314	265
3320	3321	648
3337	3338	744
3334	3338	199
3340	3341	242
3346	3347	318
2982	2983	5407
2962	2963	172
3132	3133	634
3147	3148	437
2504	2506	11
1249	1253	121
617	618	767
3230	3240	882
3215	3230	1089
3212	3215	1212
2972	2973	3440
2970	2971	6589
2971	2973	5414
2983	2984	6296
2678	2680	4421
196	728	1794
1	2	188
0	1	193
1	3	403
2971	2981	995
3013	3014	2005
3325	3326	1615
3319	3325	3381
3318	3319	2742
3319	3328	2304
3319	3327	2272
3322	3324	1008
3322	3323	3840
3348	3349	852
3323	3348	6066
3350	3351	719
2960	3350	6009
2954	2960	1887
2956	2960	1875
2914	2964	2489
2914	2946	12711
2914	2950	10677
2913	2950	1647
2913	2915	2500
2912	2913	2533
2914	2915	11651
2912	2914	11663
2682	2684	2905
2683	2684	2188
2680	2684	7875
195	790	6239
195	784	7089
195	196	6837
195	726	10561
194	195	12526
2323	2327	253
1887	2323	375
4	7	1807
3	4	2295
5	7	760
7	11	1642
3	20	2007
11	13	1254
16	20	136
20	21	223
14	19	1043
24	25	356
23	24	1546
27	29	496
29	30	3353
29	32	297
27	31	327
31	33	93
33	34	405
35	37	504
32	35	359
27	28	619
28	42	1025
28	40	369
31	40	689
40	42	480
42	45	126
45	55	688
43	50	613
45	48	707
40	47	639
34	36	413
34	46	292
47	48	224
43	52	1239
50	52	582
48	49	267
49	63	1076
54	55	66
36	57	824
37	56	789
56	57	421
56	58	604
30	58	426
57	116	893
46	59	669
57	59	775
54	61	609
50	60	780
60	61	304
59	64	638
64	116	995
64	121	636
63	122	661
61	65	1011
50	51	1559
60	62	1675
25	71	1070
24	69	493
70	71	272
71	76	764
69	70	641
69	72	415
76	80	329
76	77	268
70	77	760
77	81	371
73	80	940
80	81	272
81	82	162
72	86	834
85	86	391
77	79	602
86	91	1041
79	90	565
82	89	566
87	89	296
90	91	502
73	92	433
92	96	472
92	93	405
98	102	137
96	98	685
95	96	711
82	99	886
95	99	454
97	99	586
87	97	541
95	97	908
97	100	917
103	105	59
102	103	1233
105	109	1224
102	107	1717
98	100	2098
106	107	338
106	110	1343
30	127	2466
58	113	1478
56	115	1138
115	117	510
113	115	810
113	125	1089
115	124	882
124	125	643
117	123	848
119	120	315
119	123	570
120	122	148
65	120	380
119	121	341
72	126	2295
125	127	586
126	127	196
65	128	1720
128	129	81
67	129	570
65	130	2728
126	132	2883
91	133	2539
132	134	1218
132	133	247
112	133	46
110	112	1771
130	223	4220
62	145	3207
146	148	1438
148	150	1436
10	150	720
150	151	2088
145	151	7747
151	152	1598
152	155	726
155	171	879
8	10	2815
158	159	810
19	156	184
156	164	432
8	158	3507
19	159	941
159	160	575
159	161	541
166	167	344
10	171	1992
158	171	4986
171	172	109
168	172	491
172	173	768
162	175	3677
175	176	2212
175	177	609
155	181	5935
182	183	1019
186	223	535
174	187	3042
169	170	4095
179	187	2158
170	189	989
189	190	1538
187	190	1101
163	170	5106
189	191	2549
194	726	4006
103	104	2818
107	109	1397
109	199	1139
105	197	2291
104	197	3671
199	201	961
197	199	407
197	204	954
201	205	628
104	194	7839
200	229	1434
205	206	2817
106	208	2589
200	208	2230
208	209	1036
112	210	2174
209	210	1187
211	228	844
208	213	1852
213	228	959
209	215	1022
210	219	1343
136	217	2947
217	219	41
215	221	746
214	221	1198
223	225	497
217	218	1592
211	227	802
227	228	76
229	237	1423
227	229	551
214	231	776
231	232	28
231	233	1014
221	234	674
220	234	1234
233	234	110
232	235	784
233	238	1496
232	237	1045
207	240	1593
206	207	1996
235	239	670
238	239	693
239	240	1035
220	241	1181
238	243	534
241	243	531
241	242	690
241	270	2292
252	726	3489
250	252	1475
246	249	1085
251	255	6
254	257	9
252	263	3042
240	264	1645
264	272	1265
206	266	3105
265	270	252
270	271	1048
264	265	1866
272	273	1122
272	284	1604
271	273	434
271	276	1646
279	288	279
263	281	5370
277	278	2062
278	281	177
272	277	1996
276	283	1713
284	299	1679
284	289	495
285	289	143
287	289	76
277	287	1286
276	290	682
291	416	1441
294	299	1025
287	288	1301
278	288	449
282	296	1475
296	297	332
299	306	526
300	301	589
300	302	529
299	304	633
307	310	624
302	309	441
309	310	558
183	312	3673
225	315	1750
312	314	723
314	316	264
313	314	3128
313	317	604
313	322	1913
316	318	1386
319	322	955
318	319	1285
318	323	2570
317	328	3977
322	331	2187
326	394	1416
328	330	1050
332	333	1054
333	398	1201
190	335	3545
191	335	3012
317	337	4397
335	337	703
337	342	1639
337	338	2299
354	2985	2392
340	342	822
342	343	854
328	343	1709
339	343	126
338	339	3336
339	346	1779
349	352	104
334	347	235
334	352	535
333	334	1486
338	353	2098
353	354	952
353	355	467
344	356	1180
355	356	999
356	357	257
355	358	593
357	359	427
358	362	446
354	362	1433
357	364	906
363	364	255
362	363	822
348	350	3129
350	364	702
366	368	1591
368	369	27
368	371	512
316	325	3541
324	384	1735
376	378	1193
327	378	1315
378	388	1210
379	381	455
381	383	325
384	385	448
386	390	637
381	388	912
389	390	1048
390	418	589
394	397	314
385	387	1887
397	398	1161
403	405	394
402	405	82
386	393	388
409	410	437
393	410	264
410	455	411
391	393	759
413	414	990
402	414	2104
301	430	532
416	425	393
416	430	376
389	417	424
417	422	840
418	419	203
419	422	254
419	420	189
420	428	459
417	443	1278
426	442	739
422	429	1573
429	446	512
430	431	282
300	432	810
432	436	182
309	432	574
431	436	470
431	433	384
423	425	1260
433	439	287
435	439	332
436	437	709
437	822	257
437	439	616
1178	1180	160
1178	1179	130
1180	1181	300
1183	1185	92
1183	1187	871
1187	1189	313
1181	1188	284
1188	1190	134
1185	1186	617
623	1190	705
1190	1192	48
1189	1191	153
1191	1192	24
1192	1195	375
1186	1193	135
977	983	760
983	1197	556
1197	1201	140
1212	1215	730
1201	1202	341
1201	1210	222
1203	1211	694
1206	1208	320
1206	1214	759
1214	1303	403
643	1216	550
647	1216	817
1216	1217	204
1194	1205	1420
647	1227	1249
654	1228	482
1223	1261	207
1224	1226	178
1227	1228	131
1228	1441	234
1231	1235	137
1235	1441	178
1209	1238	1401
1236	1238	73
1243	1248	119
1255	1256	77
1254	1255	82
1255	1259	118
1232	1274	374
1234	1273	331
1273	1274	200
1273	1275	161
1273	1283	199
1274	1284	226
1282	1283	136
1284	1370	187
1283	1284	285
1283	1372	234
1289	1290	180
1199	1200	1123
1288	1292	204
1290	1298	198
1292	1294	199
1292	1293	124
1289	1297	433
1290	1296	252
1293	1309	201
1294	1309	128
1296	1297	147
1296	1298	107
1029	1299	998
1297	1315	315
1299	1300	60
1214	1215	491
1200	1215	162
1200	1305	122
1215	1301	248
1299	1305	256
1305	1320	462
1200	1306	371
1306	1307	213
1307	1308	156
1044	1309	340
1295	1311	215
1309	1312	297
1311	1312	133
1312	1313	234
1296	1314	312
1314	1315	161
1311	1314	261
1312	1316	404
1047	1667	411
1313	1316	433
1316	1668	94
1312	1319	737
1320	1323	118
1306	1322	309
1320	1322	144
1322	1324	156
1328	1345	92
1330	1331	132
1331	1394	134
1334	1337	26
1319	1338	390
1344	1345	203
1345	1346	162
1346	1406	206
1345	1347	179
1248	1349	213
1254	1349	174
1255	1350	224
1259	1353	274
1349	1351	394
1351	1352	141
1351	1355	105
1352	1358	110
1250	1357	467
1355	1357	266
1358	1393	193
1350	1352	387
1353	1359	233
1359	1364	91
1360	1361	100
1363	1364	89
1361	1363	229
1368	1377	125
1374	1376	332
1372	1376	301
1359	1377	202
1366	1379	187
1379	1384	145
1384	1418	35
1357	1391	59
1331	1390	260
1392	1393	154
1391	1394	280
1346	1394	171
1393	1397	169
1361	1397	152
1397	1398	206
1398	1399	182
1397	1413	283
1399	1413	156
1398	1400	275
1400	1417	137
1405	1409	57
1407	1412	117
1411	1412	18
1412	1715	245
1407	1413	200
1412	1415	262
1399	1416	137
1416	1417	213
1415	1718	247
1381	1400	317
1418	1419	130
1381	1425	327
1382	1420	335
1419	1421	144
1424	1425	115
1718	1734	278
1423	1426	216
1596	1601	791
694	1432	259
1430	1431	347
1431	1432	219
1228	1431	193
1431	1433	198
704	1435	273
704	1432	266
1433	1435	394
1436	1438	105
1431	1439	182
1434	1439	204
1439	1442	100
1441	1442	207
1442	1462	242
1436	1437	339
1434	1437	143
1438	1446	182
1438	1443	298
1437	1443	236
1443	1444	70
1442	1444	421
1444	1463	90
1444	1445	246
1445	1446	205
1445	1454	175
703	706	1314
706	1449	179
1449	1450	461
1453	1455	329
1450	1455	172
1453	1454	186
1454	1456	229
1455	1456	83
1456	1457	355
1450	1458	411
1458	1459	40
1455	1457	333
1457	1488	64
1276	1441	319
1462	1463	400
1462	1464	198
1275	1276	159
1276	1472	189
1276	1462	227
1463	1467	217
1463	1470	306
1445	1467	158
1467	1471	216
1467	1482	270
1464	1466	182
1472	1474	203
1281	1472	121
1464	1472	229
1465	1475	268
1454	1481	213
1478	1483	348
1486	1489	299
1485	1487	104
1487	1490	73
1484	1488	539
1488	1489	358
1479	1492	344
1490	1492	190
1487	1494	323
1492	1497	182
1489	1495	344
1504	1575	744
1458	1460	724
719	1499	796
1500	1509	599
1502	1504	96
1506	1508	163
1505	1513	230
1502	1510	388
1503	1507	202
1507	1515	178
1509	1510	247
1509	1512	288
1508	1513	176
1513	1514	350
1517	1627	212
1508	1581	456
1511	1515	197
1516	1517	109
1516	1520	183
1518	1521	156
1521	1629	132
1521	1625	107
1520	1522	369
1512	1525	283
1526	1528	243
1528	1531	75
1529	1530	661
1529	1531	75
1511	1522	545
1522	1637	66
1512	1537	521
1536	1537	146
1534	1536	360
1376	1540	28
1477	1546	477
1386	1540	136
1560	1597	48
1559	1563	107
1563	1570	258
1564	1565	255
1480	1493	472
1492	1493	282
1496	1572	371
1514	1575	202
1514	1579	216
1573	1575	345
1575	1578	207
1568	1574	60
1565	1571	425
1578	1590	82
1590	1592	224
1564	1597	130
1596	1599	193
1597	1604	464
1588	1589	1089
1588	1610	542
1613	1617	19
1589	1617	241
1605	1623	468
1581	1591	65
1628	1630	63
1634	1647	283
1591	1633	283
1633	1634	53
1633	1649	310
1593	1634	351
1631	1635	338
1633	1635	344
1635	1651	317
1632	1638	46
1637	1639	70
1537	1646	425
1640	1646	398
1641	1642	93
1638	1644	316
1644	1645	115
1639	1645	315
1645	1662	478
1645	1646	224
1592	1606	650
1647	1648	145
1648	1649	188
1649	1650	129
1650	1653	214
1650	1651	165
1651	1655	228
1653	1655	98
1624	1656	411
1657	1658	125
1657	1972	272
1660	2016	402
1660	2012	237
1654	2016	687
1644	1661	446
1661	1662	93
1640	1663	815
1646	1663	878
1664	1667	311
1048	1049	652
1666	1667	215
1664	1666	368
1664	1668	205
1317	1668	278
1342	1668	415
1342	1672	122
1666	1669	126
1669	1670	164
1669	1679	384
1670	1683	260
1671	1672	167
1670	1671	381
1338	1342	612
1343	1676	55
1676	1677	203
1676	1696	640
1138	1679	440
1679	1680	39
1682	1683	287
1682	1684	41
1138	1684	637
1685	1687	299
1684	1687	47
1671	1685	306
1683	1685	74
1686	1687	83
1687	1688	314
1688	1694	404
1688	1689	69
1688	1692	70
1689	1815	329
1693	1695	277
1695	1696	170
1696	1702	177
1697	1699	121
1702	1707	243
1697	1759	381
1704	1706	90
1707	1708	111
1410	1675	487
1712	1714	147
1675	1723	84
1712	1723	226
1714	1715	261
1714	1716	56
1714	1726	259
1715	1718	312
1716	1717	308
1717	1718	283
1723	1724	244
1726	1733	228
1722	1730	127
1721	1741	255
1428	1735	147
1741	1783	323
1738	1747	175
1742	1752	396
1747	1967	258
1747	1752	107
1750	1752	98
1725	1755	89
1755	1757	387
1733	1757	275
1757	1772	122
1758	1774	149
1759	1761	153
1709	1759	244
1755	1760	408
1761	1762	73
1760	1764	109
1767	1768	185
1774	1781	155
1773	1777	188
1780	1900	99
1751	1785	140
1784	1785	69
1792	1800	165
1747	1793	318
1781	1802	20
1799	1803	176
1805	1921	149
1794	1990	376
1815	1817	180
1169	1817	309
1817	1823	205
1817	1818	260
1690	1818	351
1818	1821	192
1168	1823	260
1173	1823	278
1175	1825	191
1821	1826	269
1818	1819	446
1826	1842	267
1830	1833	266
1708	1830	425
1711	1832	279
1830	1832	219
1832	1839	306
1829	1833	111
1822	1833	235
1833	1837	357
1835	1837	199
1831	1841	201
1834	1836	174
1839	1841	239
1836	1869	264
1840	1869	212
1173	1175	174
1172	1175	247
1825	1845	407
1819	1844	421
1842	1844	97
1844	1863	157
1819	1850	471
1845	1848	265
1845	1847	283
1847	2129	228
1847	1855	156
1849	1855	297
1852	1854	355
1856	2314	146
1853	1857	55
1857	1859	186
1857	1858	338
1859	1874	200
1837	1843	132
1854	1863	118
1863	1865	160
1866	1867	91
1867	1871	252
1869	1882	148
1869	1872	321
1871	1877	176
1865	1874	321
1859	1860	299
1873	1875	122
1875	2320	253
1874	1875	106
1880	1882	383
1878	1884	79
1885	1950	95
1711	1766	176
1766	1888	181
1769	1889	338
1890	1901	203
1777	1891	396
1904	1908	112
1918	1945	209
1929	1930	260
1922	1925	139
1916	1919	411
1926	1931	161
1917	1924	359
1917	1929	157
1929	1931	410
1931	1932	81
1932	1934	171
1934	1935	348
1935	2051	196
1935	1960	572
1882	1908	223
1882	1938	84
1937	1940	216
1941	1943	50
1943	1944	213
1940	1945	255
1941	1942	252
1943	1953	192
1942	1947	247
1930	1949	338
1947	1949	160
1944	1950	402
1944	1951	230
1951	1957	136
1948	1953	155
1953	1956	136
1951	1953	174
1947	1955	132
1955	1956	195
1956	1957	179
1957	2349	236
1956	2350	239
1929	1959	344
1949	1959	327
1959	1960	57
1959	1962	440
1962	2051	633
1949	1955	164
1598	1966	1339
1966	1968	112
1966	1967	31
1604	1966	808
1968	1979	321
1602	1621	188
1602	1969	160
1616	1974	415
1657	1659	529
1659	1972	373
1659	1974	92
1970	1974	230
1972	2013	208
2013	2015	46
1970	1976	103
1975	1976	179
1977	2015	523
1979	1980	15
1968	1982	396
1980	1985	538
1754	1982	397
1754	1985	143
1985	1994	184
1987	1998	271
1988	1995	116
1979	1989	433
1989	1991	24
1989	2027	313
1995	2004	133
1999	2000	177
1999	2004	124
1999	2006	197
2001	2002	348
2001	2003	396
2004	2007	186
2002	2006	140
1994	2008	358
2007	2008	205
2007	2036	280
2003	2011	246
2011	2036	321
2003	2039	619
2012	2013	536
2012	2018	492
2016	2021	509
2018	2019	173
2021	2022	631
1663	2022	887
1978	2023	922
2023	2024	951
2018	2024	599
2024	2025	724
2022	2025	515
1934	2027	309
2027	2031	581
2009	2032	175
2031	2049	259
2031	2052	228
2031	2032	261
2032	2035	330
2033	2052	315
2008	2009	357
2008	2037	338
2037	2040	245
2036	2039	213
2039	2040	303
2039	2041	288
2035	2061	490
2040	2061	334
2040	2043	198
2041	2042	260
2045	2067	216
2044	2046	93
2046	2066	225
2047	2049	41
2047	2050	44
2051	2054	223
2052	2053	338
2053	2059	177
1965	2055	82
2055	2057	161
2055	2056	169
2056	2411	116
2057	2411	175
2058	2059	289
2053	2072	355
2061	2062	87
2062	2066	60
2046	2068	342
2066	2068	289
2067	2069	352
2063	2072	479
2072	2425	383
2072	2418	207
2070	2071	332
2070	2073	314
2071	2424	160
2073	2074	54
2071	2074	297
2074	2451	240
2073	2086	227
2041	2075	230
2067	2075	299
2075	2076	286
2076	2082	209
2025	2026	1061
2067	2078	208
2079	2083	422
2079	2085	311
2083	2084	156
2084	2085	264
2084	2088	330
2080	2086	340
2085	2087	323
2086	2450	100
2086	2087	306
2087	2452	102
2089	2093	131
2089	2457	489
2082	2090	633
2090	2091	181
2026	2090	194
2088	2091	314
2026	2092	409
2091	2095	288
2093	2095	179
802	2098	1980
2098	2099	243
1072	2099	1082
2099	2100	1020
1083	2099	278
1083	1148	495
1147	1148	1269
1148	2105	2173
809	2101	1208
2100	2101	978
2100	2104	1696
2104	2105	675
2107	2108	496
2108	2158	304
2104	2107	834
2107	2109	609
2107	2110	525
2106	2115	179
2115	2119	431
2114	2115	718
2113	2119	988
2105	2106	1358
2108	2117	1257
2117	2119	401
2120	2162	741
2122	2125	133
2125	2127	93
2116	2128	1078
2127	2128	212
2125	2131	230
2127	2134	218
2124	2126	137
2126	2130	170
2126	2129	358
2130	2131	162
2131	2134	111
2130	2139	303
2132	2136	117
2134	2136	314
2132	2133	360
2131	2141	302
2134	2140	305
2139	2141	174
2140	2141	177
2141	2149	253
2133	2138	87
2133	2143	694
2144	2145	411
2136	2138	360
2137	2146	124
2138	2148	287
2146	2147	89
2146	2155	229
2147	2154	161
2137	2140	222
2149	2152	97
2145	2148	218
2148	2154	112
2154	2155	109
2155	2156	101
2154	2166	279
2145	2166	384
2155	2169	329
2152	2156	472
2156	2157	192
2161	2177	579
2110	2158	326
2160	2161	1299
2143	2162	301
2161	2162	471
2144	2163	595
2162	2181	968
2165	2180	128
2163	2165	502
2166	2169	160
2157	2170	251
2164	2166	412
2164	2171	164
2170	2171	456
2171	2172	396
2171	2173	236
2173	2183	515
2173	2175	493
2174	2189	386
2177	2179	586
2182	2186	424
2184	2185	507
2184	2186	11
2184	2246	144
2186	2187	535
2173	2189	395
2189	2190	137
2190	2191	277
2189	2193	488
2187	2193	482
2193	2255	318
2191	2193	456
809	817	2201
817	2104	2051
816	817	1514
817	2194	776
2194	2206	587
2110	2197	230
2109	2196	651
2196	2200	863
2109	2194	1562
2201	2206	607
2200	2201	622
818	819	526
2194	2195	1640
2206	2207	708
2207	2211	457
2210	2211	328
2204	2210	1543
2210	2212	617
2110	2214	653
2197	2214	643
2160	2214	168
2160	2215	764
2215	2216	132
2216	2217	217
2218	2224	140
2216	2220	125
2218	2220	274
2221	2222	144
2222	2224	217
2225	2226	444
2226	2227	211
2225	2231	214
2225	2227	203
2219	2233	142
2217	2219	376
2219	2226	466
2218	2233	356
2227	2233	485
2224	2230	359
2224	2235	271
2235	2236	453
2235	2240	260
2228	2230	496
2230	2237	287
2235	2237	369
2238	2240	387
2237	2239	270
2238	2241	40
2239	2243	101
2215	2244	752
2246	2247	290
2246	2248	155
2185	2247	272
2236	2247	218
2247	2249	166
2248	2249	287
2248	2253	421
2221	2236	277
2236	2251	174
2249	2252	233
2252	2260	250
2249	2254	220
2254	2260	246
2253	2255	878
2256	2257	286
2251	2258	251
2240	2258	220
2260	2261	424
2240	2262	313
2262	2294	395
2261	2263	319
2256	2265	584
2265	2266	180
2228	2231	246
2268	2270	341
2270	2272	375
2229	2273	312
2237	2273	514
2231	2274	329
2273	2274	245
2273	2275	192
2239	2275	511
2243	2285	481
2271	2274	237
2274	2278	170
2278	2280	260
2276	2281	198
2271	2279	377
2283	2285	207
2211	2272	1393
2272	2287	890
2272	2289	687
2278	2279	369
2279	2282	325
2282	2289	825
2290	2292	118
2243	2294	373
2285	2286	387
2286	2294	169
2286	2295	803
2284	2286	528
2265	2296	487
2295	2296	520
2296	2297	276
2297	2306	243
2283	2284	645
2284	2292	614
2295	2301	619
2301	2304	188
2302	2304	162
2299	2301	342
2306	2311	448
2304	2305	328
2305	2308	16
2297	2308	597
2308	2311	176
2309	2724	395
1855	2312	244
2312	2313	93
1847	2312	246
2129	2313	379
2312	2318	308
1855	2316	391
1858	2314	134
2139	2151	258
1858	2316	322
2149	2151	197
2318	2319	241
1859	1861	731
1861	2318	299
1861	2324	417
1874	2322	308
2320	2322	144
2321	2326	238
2322	2326	159
1886	2328	404
2321	2323	136
2323	2329	229
2324	2326	274
2326	2327	149
2327	2330	113
2328	2329	19
2150	2319	204
2150	2157	630
2150	2332	536
2334	2335	743
2334	2337	130
2336	2337	195
2339	2340	76
2328	2343	558
2343	2345	61
2336	2339	284
2334	2336	82
2337	2338	455
2344	2346	333
2345	2347	223
2346	2347	454
1950	2348	342
1957	2348	262
2348	2351	244
2350	2353	223
2349	2350	175
2349	2351	162
2350	2354	524
2328	2352	1112
2351	2352	365
1955	2353	475
1963	2353	98
1962	1963	510
1962	2359	609
1963	2356	456
2356	2357	403
2356	2360	483
2352	2361	767
2345	2388	1111
2358	2360	485
2361	2362	118
2360	2363	379
2362	2363	697
2332	2335	519
2174	2335	480
2365	2367	521
2190	2365	313
2337	2367	617
2368	2369	384
2338	2372	439
2371	2372	119
2372	2373	343
2347	2375	467
2373	2375	339
2369	2371	273
2375	2384	484
2190	2376	553
2376	2377	92
2191	2378	319
2377	2378	177
2368	2376	198
2377	2379	729
2379	2540	47
2371	2382	470
2376	2381	662
2381	2382	70
2382	2383	443
2383	2384	232
2383	2542	656
2381	2541	602
2403	2543	306
2386	2388	159
2385	2388	325
2363	2394	237
2395	2396	160
2395	2397	540
2396	2400	286
2396	2399	253
2397	2399	364
2399	2406	239
2384	2385	848
2384	2401	401
2401	2403	32
2401	2402	269
2397	2405	308
2406	2410	245
2408	2410	454
2058	2413	236
2411	2413	201
2056	2421	404
2411	2417	349
2413	2414	147
2058	2419	329
2418	2419	130
2419	2426	292
2416	2417	297
2417	2433	405
2423	2435	354
2420	2431	373
2425	2427	132
2415	2426	467
2426	2427	267
2426	2429	245
2427	2428	308
2428	2429	302
2429	2431	314
2424	2432	586
2364	2435	324
2431	2435	424
2431	2436	245
2364	2436	697
2363	2364	416
2437	2439	764
2428	2440	274
2440	2441	82
2436	2442	467
2442	2446	381
2432	2441	598
2437	2446	387
2446	2447	471
2447	2449	257
2451	2455	295
2450	2452	262
2453	2455	185
2452	2456	338
2453	2459	184
2087	2458	456
2457	2458	98
2456	2458	171
2457	2462	235
2454	2459	221
2459	2460	174
2460	2471	151
2456	2464	254
2458	2461	177
2461	2463	55
2464	2466	121
2460	2466	165
2466	2467	136
2461	2467	395
2095	2462	548
2461	2462	105
2026	2463	1404
2463	2485	737
2469	2482	143
2432	2471	500
2471	2472	127
2449	2478	967
2467	2472	189
2443	2472	38
2443	2463	579
2442	2443	1033
2443	2473	84
2474	2476	106
2469	2485	350
2482	2483	315
2485	2486	132
2483	2486	57
2486	2489	235
2474	2481	420
2485	2488	527
2481	2512	284
2488	2489	706
2394	2439	341
2400	2491	304
2399	2400	301
2400	2493	319
2491	2493	573
2493	2498	354
2493	2497	153
2446	2494	596
2494	2495	318
2495	2501	165
2477	2494	1100
2407	2497	275
2406	2407	206
2497	2499	162
2497	2498	304
2407	2500	249
2499	2500	231
2500	2502	46
2498	2501	215
2501	2504	429
2410	2502	365
2499	2504	432
2477	2525	783
2501	2508	544
2479	2516	543
2488	2512	162
2513	2514	195
2509	2511	503
2525	2526	386
2508	2525	760
2511	2529	883
2529	2530	140
2529	2642	533
2530	2644	325
2530	2531	384
2378	2534	627
2255	2534	692
2534	2535	481
2257	2534	165
2535	2537	161
2535	2536	297
2257	2537	508
2536	2538	109
2538	2539	241
2537	2539	383
2536	2540	320
2541	2542	483
2542	2546	173
2543	2545	159
2548	2549	326
2545	2546	204
2546	2547	207
2538	2547	635
2548	2550	182
2547	2548	48
2550	2551	132
2551	2558	151
2551	2552	176
2552	2560	120
2558	2560	183
2539	2553	163
2553	2555	161
2256	2555	930
2266	2594	178
2266	2267	535
2555	2556	334
2559	2563	173
2550	2562	377
2556	2562	477
2562	2563	148
2563	2564	170
2556	2557	167
2267	2557	562
2557	2601	283
2562	2568	319
2567	2568	145
2567	2569	144
2403	2571	316
2545	2571	267
2571	2572	343
2552	2572	166
2572	2573	155
2402	2574	851
2573	2580	183
2573	2574	224
2574	2581	191
2576	2577	309
2408	2579	768
2578	2579	372
2560	2564	220
2564	2580	148
2580	2581	216
2581	2583	250
2580	2586	342
2577	2581	384
2570	2586	160
2585	2586	332
2579	2587	226
2587	2591	529
2591	2618	275
2589	2592	75
2594	2595	441
2594	2596	262
2296	2599	522
2596	2600	488
2599	2600	183
2565	2601	489
2595	2601	586
2569	2602	496
2602	2603	304
2601	2603	552
2599	2605	441
2605	2606	659
2311	2605	734
2606	2608	575
2600	2609	1172
2608	2609	171
2608	2626	348
2608	2611	443
2586	2614	649
2585	2612	530
2614	2615	559
2614	2623	305
2612	2617	482
2613	2630	179
2619	2630	526
2602	2623	862
2609	2622	507
2622	2627	170
2622	2624	242
2626	2627	149
2627	2802	628
2625	2629	752
2624	2630	698
2629	2630	619
2505	2579	698
2410	2505	784
2504	2505	671
2505	2631	166
2631	2632	47
2632	2633	224
2508	2635	540
2528	2635	49
2633	2635	562
2528	2639	413
2526	2528	1888
2634	2639	406
2632	2637	600
2592	2593	996
2638	2639	257
2637	2638	406
2644	2645	253
2645	2647	647
2642	2647	364
2647	2648	264
2651	2653	752
2651	2654	295
2647	2654	846
2653	2655	187
2654	2655	500
2648	3290	1717
2592	2621	626
2620	2621	333
2621	2656	391
2641	2656	830
2641	2657	458
2653	2657	636
2657	2658	141
2658	2659	155
2656	2660	696
2621	2660	659
2659	2662	280
2655	2664	311
2664	2665	262
2664	2667	799
2659	2669	683
2667	2669	467
789	790	3589
789	2674	1092
2674	2675	655
2674	2680	5831
797	2678	5259
815	2677	312
818	2677	1575
2677	2678	4821
2696	2697	433
2681	2682	2106
2681	2683	1504
2212	2686	572
2287	2685	250
2687	2691	20
2690	2691	1017
2694	2696	609
2690	2698	306
2698	2701	437
2693	2700	826
2700	2701	181
2700	2702	837
2287	2688	593
2289	2293	92
2290	2293	694
2292	2705	451
2293	2705	655
2705	2712	281
2293	2706	782
2706	2710	927
2710	2712	750
2711	2739	220
2717	2719	307
2299	2720	737
2712	2720	566
2720	2727	750
2720	2721	372
2722	2726	455
2305	2721	689
2722	2723	560
2724	2725	332
2726	2727	439
2719	2727	300
2719	2728	586
2726	2728	338
2729	2732	475
2726	2730	426
2723	2733	758
2730	2732	363
2730	2733	420
2732	2734	513
2704	2709	692
2704	2735	400
2736	2737	233
2737	2738	207
2743	2750	142
2702	2704	1315
2745	2746	207
2737	2745	1141
2729	2747	410
2740	2749	753
2749	2750	242
2749	2751	360
2748	2751	320
2746	2750	460
2746	2752	337
2751	2752	596
2696	2753	581
2690	2753	2424
2753	2754	554
2754	2756	314
2681	2753	2027
2754	2755	1341
2701	2755	1418
2682	2758	3085
2758	2764	1710
2759	2761	522
2761	2762	702
2765	2769	683
2766	2769	516
2745	2768	982
2768	2772	148
2769	2770	240
2763	2771	658
2771	2782	324
2770	2771	602
2770	2772	785
2752	2776	616
2776	2778	140
2775	2776	398
2768	2778	413
2775	2779	224
2777	2781	1033
2775	2777	1170
2784	2786	154
2786	2896	852
2778	2789	1669
2787	2789	206
2786	2787	371
2788	2789	445
2788	2791	442
2605	2725	1078
2793	2803	154
2725	2796	694
2793	2796	1626
2796	2798	292
2798	2799	466
2795	2799	634
2795	2814	180
2611	2802	717
2802	2803	228
2803	2814	339
2804	2806	365
2806	2812	341
2629	2807	236
2806	2807	490
2807	2811	419
2810	2811	405
2812	2815	677
2815	2817	558
2811	2812	461
2811	2816	341
2816	2830	627
2801	2818	1123
2801	2817	862
2819	2821	601
2822	2823	557
2826	2827	779
2826	2831	333
2827	2830	586
2816	2844	951
2819	2831	485
2831	2875	680
2830	2876	1168
2850	2876	683
2810	2813	438
2834	2836	646
2832	2833	1097
2833	2836	1030
2833	2837	777
2669	2672	711
2672	2840	98
2836	2840	583
2671	2672	465
2671	2841	703
2841	3329	582
2840	2843	839
2844	2845	616
2837	2846	827
2844	2848	840
2847	2848	520
2848	2850	567
2850	2883	216
2843	2858	552
2843	2855	445
2856	2862	147
2862	2863	1424
2864	2886	275
2862	2866	969
2866	2886	391
2823	2868	189
2823	2869	239
2777	2868	719
2868	2869	203
2790	2825	579
2790	2869	471
2790	2870	640
2788	2790	3093
2872	2874	305
2870	2874	581
2870	2871	757
2878	2882	1059
2870	2881	1011
2879	2881	813
2881	2882	802
2857	2884	679
2887	2890	387
2866	2888	611
2886	2887	1849
2891	2893	279
2888	2894	2069
2893	2933	781
2887	2893	1726
2895	2933	500
2682	2761	2674
2896	2897	421
2787	2902	1632
2899	2901	270
2901	2902	1122
2896	2903	3007
2903	2904	599
2905	2906	278
2904	2905	206
2902	2908	635
2905	2908	930
2908	2909	499
2909	2910	636
2910	2929	1349
2910	2911	567
2903	2917	2159
2904	2920	1114
2909	2920	903
2920	2921	216
2911	2918	514
2921	2922	933
2911	2922	930
2922	2923	466
2916	2917	2203
2917	2950	1616
2921	2950	2822
2874	2924	1667
2901	2924	2584
2924	2927	596
2925	2927	1003
2925	2929	1098
2929	2930	764
2882	2931	2992
2895	3350	859
2932	2934	1297
2935	2937	159
2937	2938	781
2934	2939	674
2938	2942	133
2933	2934	3098
2930	2943	725
2923	2930	1249
2927	2945	3010
2923	2946	1776
2945	2947	970
2947	2948	263
2937	2947	2226
2940	2955	3975
2946	2952	3803
2952	2953	2015
2952	2957	574
2957	2962	4742
2961	2962	2764
2964	2965	3816
22	2966	3746
2966	2970	7772
165	2969	7985
2970	2972	4068
2969	2972	5243
170	2974	7543
2969	2974	6419
354	2974	7682
2974	2975	5024
2972	2977	4459
2973	2977	3398
2977	2978	2538
2975	2978	3834
2978	2979	1332
2985	2986	1268
2986	2987	355
363	365	3122
365	2986	2579
365	2989	97
2985	2994	7243
2978	2997	1707
2979	2998	2577
2998	2999	683
2997	2998	3845
2997	3000	3264
2993	3000	917
2991	2993	2190
3000	3001	1656
3001	3002	558
2993	2995	1126
2994	2995	735
2995	3005	401
3005	3006	523
3006	3007	370
3003	3010	872
3001	3003	1083
3003	3005	1806
2999	3011	2462
3011	3012	1368
3012	3013	250
3013	3015	874
3003	3009	2750
3009	3015	483
2990	3017	977
372	3017	2013
3018	3020	784
3017	3020	1237
668	3022	222
3022	3023	38
3023	3024	1490
3020	3027	696
3027	3029	491
3028	3032	1149
3024	3027	695
3024	3028	295
3028	3033	361
2994	2996	2370
2996	3038	493
3031	3036	1713
3036	3037	727
3038	3039	1206
666	3023	563
666	3041	880
3041	3043	1883
677	3046	1756
3046	3047	92
3043	3047	602
717	3049	918
3047	3050	703
3046	3050	697
3044	3045	1072
3044	3051	632
3051	3063	230
3045	3052	214
3045	3054	396
3054	3091	942
3055	3091	448
3052	3055	568
3051	3056	781
3037	3057	1203
3044	3058	881
3037	3059	2938
3059	3061	761
3059	3060	2005
3006	3010	1958
3010	3068	1960
3015	3016	4898
3016	3067	4431
2982	3070	2023
2999	3070	1353
3070	3071	491
3071	3072	1044
3011	3070	3400
3072	3073	290
3073	3074	53
2984	3071	2534
3013	3072	6762
1530	3049	809
1530	3076	488
3049	3083	1431
3050	3077	1200
3043	3078	1659
3077	3078	145
3078	3079	737
3079	3087	971
3076	3080	350
1532	3080	477
3077	3083	710
3076	3082	436
3082	3084	35
3084	3085	207
3085	3098	362
3087	3089	651
3054	3079	1135
3091	3092	755
3055	3056	781
3056	3096	1221
3079	3092	1642
3092	3094	674
3096	3097	218
1642	1643	536
1643	3098	77
1643	3099	73
3088	3098	99
3099	3100	49
3088	3101	130
3100	3101	173
1642	3102	669
3099	3102	327
3087	3088	610
3093	3101	1279
3093	3104	340
3093	3112	310
3092	3093	2323
3065	3097	1339
3060	3066	1395
3060	3067	1200
3097	3107	2524
3107	3130	538
3067	3105	2342
3067	3110	3258
1663	3111	1456
3102	3111	1130
3104	3111	258
3111	3113	355
3104	3112	386
3108	3112	583
3107	3108	2614
3108	3109	564
3115	3116	814
3107	3109	2045
2092	3120	410
3120	3122	156
3121	3123	340
2468	3123	506
3122	3124	320
2092	3127	2698
3127	3146	1096
3115	3132	1026
3132	3134	964
3135	3138	264
3137	3138	143
3110	3143	1058
3139	3141	1079
3138	3139	1318
3143	3144	1068
3139	3140	158
3138	3140	1528
3140	3144	136
3118	3146	1098
3146	3154	1119
3127	3150	1463
3147	3154	386
3147	3149	413
3151	3210	597
3150	3151	336
3150	3153	646
3153	3212	827
3154	3158	605
3153	3157	628
3016	3069	3197
3069	3160	796
3069	3110	2498
3143	3162	3802
3162	3164	3422
3144	3145	902
3145	3166	509
3144	3168	1311
3168	3169	294
3168	3317	4177
3171	3317	1204
2470	3123	254
2470	3124	288
2470	3173	134
2468	2470	413
3173	3176	146
3124	3175	88
3125	3175	765
3175	3176	163
3177	3179	75
2482	2484	501
3176	3186	443
3179	3186	604
3126	3177	341
3126	3180	554
3185	3199	730
3125	3182	940
3180	3184	586
3182	3184	180
3186	3187	97
3187	3189	84
2482	2490	361
2490	3188	143
3187	3190	344
3179	3181	762
3190	3198	178
3189	3191	302
3190	3191	157
3191	3194	145
3194	3196	141
3194	3203	215
2489	2490	342
2520	3217	405
3189	3217	535
3196	3203	138
3192	3218	674
3181	3199	109
3181	3198	126
3199	3202	455
3198	3200	135
3194	3198	175
3200	3205	456
3185	3207	154
3200	3204	290
3202	3206	111
3205	3206	171
3125	3208	1374
3182	3208	465
3208	3209	431
3128	3209	212
3184	3213	179
3182	3211	724
3211	3214	98
3209	3211	491
3209	3210	1023
3210	3212	417
3207	3213	81
3206	3207	871
3214	3215	39
3213	3214	585
3252	3254	1237
3217	3218	105
2524	3219	220
3217	3219	386
3218	3220	407
3197	3218	230
3196	3197	381
3197	3225	275
3197	3223	225
3223	3224	288
3219	3220	76
3222	3223	293
3222	3233	584
3204	3225	382
3226	3227	169
3205	3229	477
3205	3230	579
3229	3230	630
3219	3232	424
3233	3238	491
3232	3238	760
2531	3234	208
3232	3234	415
3234	3236	102
3234	3235	303
3235	3237	120
3238	3241	269
3235	3238	358
3237	3281	231
3235	3242	469
3233	3240	496
3240	3241	322
3241	3242	196
3242	3282	288
3240	3251	760
3230	3245	473
3215	3243	1014
3245	3246	273
3245	3253	1296
3251	3255	689
3250	3253	520
3250	3255	385
3157	3256	971
3254	3269	799
3257	3263	798
3311	3312	314
3264	3275	1951
3271	3305	1027
3252	3273	376
3266	3268	1906
3268	3277	2093
3236	3280	334
3280	3281	274
2646	3280	191
3282	3283	157
3280	3285	596
3283	3285	516
2645	3289	834
2673	3290	400
3291	3293	455
2673	3293	415
3285	3294	459
3286	3294	886
3293	3294	301
3251	3295	434
3288	3295	300
3286	3288	309
3255	3288	966
3255	3274	663
3276	3300	279
2673	3302	551
2671	2673	1766
3302	3303	1014
3298	3302	1244
3300	3305	1199
3305	3307	768
3300	3306	1124
3306	3308	664
3277	3307	132
3277	3320	2369
3307	3310	1883
3306	3310	1028
3310	3331	4023
3310	3346	1272
3265	3267	1299
3159	3313	2991
3311	3313	547
3313	3315	666
3278	3316	239
3268	3278	5097
3317	3318	2613
3278	3322	6035
3145	3325	7650
3303	3330	930
3299	3331	291
2861	3335	690
3331	3332	1706
3331	3333	1186
3333	3339	1308
2863	3335	712
2863	3336	243
3336	3339	2298
3333	3342	1440
2888	3345	2274
2894	3345	579
3343	3345	5096
3344	3348	2353
1603	1754	666
1543	2391	146
1474	2391	220
1475	1477	41
1469	1470	24
1469	1475	46
2414	2416	35
1541	1542	60
1559	1560	26
1542	1544	16
1560	1562	61
1559	1561	43
2357	2358	25
1538	1544	141
1429	1595	77
1554	1555	35
1429	1594	32
1558	1594	32
1555	1558	77
1547	1548	11
1386	1547	26
1386	1552	121
1373	1473	93
1285	1473	88
1282	1285	52
1280	1282	50
1794	1800	146
1387	1389	191
1232	1234	39
1224	1225	89
1230	1232	34
1225	1230	92
1420	1421	18
1286	1366	197
1286	1370	109
1743	1744	220
1739	1740	23
1218	1220	51
1233	1270	64
1788	1791	60
1233	1269	56
1789	1801	11
1787	1789	58
1734	1735	132
1806	1921	188
1805	1806	133
1789	1802	155
1741	1745	164
1745	1756	83
1897	1899	68
1258	1260	102
1257	1258	23
1778	1897	76
1720	1722	89
1777	1778	84
1770	1772	72
1778	1896	144
1776	1777	71
1906	1907	61
1894	1906	92
1768	1769	51
1893	1894	81
1895	1906	83
1726	1728	138
1892	1895	89
1909	1911	104
1409	1410	68
1242	1243	143
1910	1911	88
1245	1247	106
1840	1908	92
1390	1391	38
1839	1840	139
2341	2343	273
426	451	1456
511	512	220
349	351	2749
604	605	174
609	623	657
307	748	746
748	759	2277
759	781	1983
781	804	2575
804	816	3124
826	832	722
452	839	1354
832	878	683
878	879	153
864	865	363
879	882	274
882	884	41
885	888	46
1002	1009	210
1009	1111	478
1162	1164	94
1172	1174	141
1170	1176	426
2340	2341	211
1327	1333	64
1848	1849	57
513	621	68
1164	1686	717
978	979	84
2179	2181	31
1111	1113	18
1093	1117	19
3258	3259	15
3258	3261	9
3188	3189	59
2532	2533	177
2519	2521	28
1534	1535	242
2514	2515	32
2511	2516	59
2953	2954	1276
2941	2942	132
370	372	458
2851	2852	20
2851	2853	15
1459	1461	80
2042	2043	43
2043	2044	51
1614	1622	17
1611	1612	60
1610	1611	8
1607	1610	25
1619	1620	128
1617	1619	65
1611	1613	205
1485	1486	6
1582	1583	182
1584	1585	61
1584	1586	58
1582	1584	81
1483	1485	42
1571	1584	29
1482	1483	16
2845	2847	683
2713	2715	13
839	841	64
882	883	16
444	445	546
863	864	313
292	293	13
292	374	14
140	141	14
138	140	13
2	22	2177
22	165	1376
129	138	5237
161	164	1082
166	168	4537
169	174	1062
174	182	6339
138	181	2736
139	185	821
185	311	1245
291	307	2128
323	331	1286
324	326	1283
330	331	1598
330	346	2154
346	348	710
348	367	2741
367	369	1525
371	2989	1742
311	374	4749
323	325	2072
325	374	507
327	375	503
291	293	2874
375	383	2098
383	426	1955
623	1178	370
1188	1189	129
1186	1189	149
1186	1197	190
1195	1204	172
1217	1261	367
1222	1230	154
1224	1231	147
1231	1234	93
1238	1278	231
1242	1246	173
1244	1246	101
1249	1251	211
1252	1257	75
1248	1249	209
1256	1257	50
1237	1262	85
1262	1263	154
1236	1237	231
1263	1266	199
1237	1268	229
1222	1233	367
1230	1233	401
1267	1277	47
1267	1279	85
1270	1284	261
1279	1365	241
1300	1323	366
1241	1303	295
1250	1308	305
1323	1324	214
1308	1330	350
1324	1326	165
1328	1330	109
1340	1341	121
1358	1360	213
1360	1364	225
1365	1367	143
1286	1365	207
1367	1368	105
1368	1378	94
1286	1367	184
1371	1372	351
1372	1373	171
1366	1369	110
1378	1379	198
1377	1382	327
1382	1418	190
1384	1385	314
1385	1386	285
1391	1392	107
1393	1396	212
1396	1402	163
1396	1407	167
1409	1411	130
1410	1411	124
1419	1422	194
1421	1423	213
1425	1428	412
1471	1478	64
1373	1474	157
1478	1479	60
1481	1484	22
1484	1486	34
1459	1499	962
1461	1500	286
1499	1501	414
1501	1529	593
1523	1526	160
1529	1532	265
1535	1536	347
1538	1540	138
1541	1543	15
1541	1546	203
1379	1540	543
1550	1551	103
1544	1552	272
1542	1545	383
1545	1553	393
1387	1549	186
1553	1561	182
1554	1556	112
1546	1572	482
1568	1572	142
1573	1580	74
1566	1568	475
1585	1586	69
1580	1583	79
1586	1587	117
1578	1580	332
1389	1558	400
1423	1594	437
1426	1429	478
1623	1624	24
1616	1622	170
1590	1591	558
1626	1628	36
1581	1628	169
1630	1631	194
1631	1632	259
1629	1636	294
1632	1636	49
1533	1641	415
1658	1660	219
1648	1660	408
1341	1347	652
1700	1701	251
1169	1686	607
1690	1691	40
1693	1703	225
1699	1702	118
1703	1704	118
1694	1829	685
1708	1709	487
1675	1701	381
1716	1727	249
1724	1726	263
1727	1732	115
1730	1732	134
1732	1756	314
1601	1737	178
1737	1967	398
1739	1742	90
1740	1741	257
1742	1743	53
1742	1748	197
1768	1772	268
1771	1776	191
1769	1776	75
1756	1786	230
1788	1801	82
1750	1792	298
1792	1796	89
1793	1795	172
1796	1798	171
1790	1798	181
1799	1807	148
1801	1804	185
1804	1900	165
1807	1812	168
1810	1812	170
1813	1814	132
1814	1927	170
1692	1822	484
1820	1822	250
1833	1835	285
1850	1852	65
1853	1856	69
1862	1866	227
1834	1872	403
1866	1876	343
1876	1883	78
1872	1879	207
1899	1900	187
1899	1915	368
1892	1904	202
1895	1905	207
1907	1914	104
1808	1809	294
1810	1923	269
1924	1925	86
1923	1925	90
1814	2027	168
1937	1939	165
1795	1979	111
1984	1998	228
1984	1987	130
1985	1992	257
1754	1983	184
1754	1987	111
1991	1993	192
1993	2030	286
1975	1996	83
1996	1997	134
2009	2030	348
2042	2045	70
1965	2054	67
2172	2180	180
2182	2183	219
816	2195	487
2195	2204	1295
2331	2341	311
2331	2343	351
2362	2389	353
2390	2393	290
2385	2394	1050
2393	2578	1629
2405	2406	508
2421	2422	24
2420	2423	54
2473	2476	184
2476	2480	232
2479	2480	51
2513	2517	104
2515	2518	223
2514	2520	656
2520	2522	163
2522	2524	136
2578	2618	787
2618	2620	626
2620	2832	1331
2204	2687	1904
2686	2687	429
2685	2692	533
2687	2692	233
2692	2708	1074
2708	2713	489
2716	2736	564
2714	2739	449
2736	2765	1691
2739	2747	935
2747	2818	1844
2762	2764	852
2818	2821	650
2821	2824	475
2832	2839	988
2846	2853	532
2854	2856	1625
2824	2875	356
2875	2877	1223
2877	2883	646
2857	2878	652
2854	2890	1764
2763	2915	6818
2890	2932	2193
2932	2939	1657
2989	3031	3535
3031	3057	1507
3057	3066	2327
3066	3105	2140
3105	3135	1444
3135	3137	141
3137	3159	1713
2532	3236	246
3236	3237	304
3159	3257	503
3257	3262	812
3259	3270	919
3262	3263	366
3263	3265	2347
3265	3315	786
3270	3275	690
3273	3274	812
3285	3291	238
3289	3291	419
3274	3298	2904
3315	3327	7266
2860	3298	1658
2861	3299	1653
2856	2861	1560
1542	1543	50
2391	3352	157
1376	3352	198
1987	1988	38
2415	2420	57
2414	2415	85
1545	1566	20
1561	1562	73
1557	1595	109
1551	1553	10
1551	1552	11
2359	2421	14
1555	1557	104
1550	1553	102
1547	1550	18
1547	1549	68
1281	1285	52
1280	1281	54
1792	1793	147
1385	1549	225
1748	1750	51
1369	1371	95
1370	1371	98
1284	1286	273
1220	1222	91
1221	1222	50
1218	1221	89
1787	1788	41
2389	2390	32
1266	1267	101
1806	1900	81
1277	1279	94
1268	1277	73
1277	1278	62
1268	1278	36
1774	1786	191
1261	1262	47
1721	1730	95
1770	1771	82
1731	1732	89
1894	1914	69
1731	1733	214
1893	1895	92
1907	1912	205
1909	1912	64
1912	1913	101
1891	1892	81
1889	1891	76
1913	1937	50
1911	1913	66
1905	1909	85
1905	1910	104
1904	1905	88
1403	1405	73
1880	1881	47
1709	1711	222
1879	1880	73
2330	2331	111
382	444	3067
444	453	377
506	619	122
512	513	360
610	619	410
619	620	190
620	621	164
306	747	753
747	758	2279
758	779	2002
779	806	2554
806	814	3145
828	863	722
453	838	1171
865	880	155
880	883	275
883	886	57
886	888	67
979	980	77
982	1028	166
1028	1030	150
1093	1113	81
1171	1174	104
1328	1329	110
1340	1344	69
1339	1340	63
1333	1334	56
1336	1337	25
1842	1843	138
1341	1343	613
1852	1853	60
1171	1172	41
1029	1199	177
2172	2183	43
1111	1112	16
1112	1117	93
3259	3262	10
3261	3262	15
1533	1535	12
1532	1533	243
2511	2517	83
1526	1527	41
2955	2956	1302
2939	2940	146
1503	1506	27
1505	1506	28
369	371	454
2852	2854	15
2853	2854	19
2044	2045	48
1978	1997	119
1609	1614	228
1609	1615	16
1612	1615	18
1616	1620	150
1607	1609	64
1494	1495	51
1583	1587	64
1620	1621	121
1612	1617	212
2839	2846	680
2714	2716	13
839	840	75
884	885	18
374	375	13
293	375	14
138	139	13
139	141	13
0	21	2172
21	164	1372
128	140	5343
141	186	817
162	165	1086
161	166	783
162	163	792
163	169	4512
168	173	1039
173	181	6325
139	182	2717
186	224	1214
290	306	2123
224	315	632
326	332	1596
332	347	2156
347	349	690
351	370	1543
372	2990	1723
292	315	4145
324	327	2082
290	292	2884
293	382	2099
1179	1180	224
1191	1193	184
1193	1201	207
1204	1205	1513
1218	1223	144
1221	1223	77
1221	1264	138
1226	1235	196
1220	1225	152
1235	1271	156
1217	1236	458
1238	1242	368
1238	1251	127
1245	1304	438
1251	1256	143
1251	1252	118
1252	1260	128
1237	1263	95
1266	1268	77
1266	1269	141
1264	1269	225
1271	1275	218
1275	1280	162
1252	1278	134
1267	1270	177
1233	1274	170
1029	1030	243
1300	1315	117
1303	1304	215
1304	1307	401
1315	1332	530
1307	1325	317
1325	1326	34
1332	1333	165
1332	1334	179
1335	1336	105
1326	1327	254
1327	1335	16
1325	1329	240
1329	1335	126
1248	1250	577
1308	1390	229
1363	1380	157
1260	1377	460
1366	1378	185
1377	1384	435
1380	1382	134
1392	1402	305
1402	1404	130
1403	1404	114
1404	1406	61
1405	1406	180
1389	1418	192
1420	1425	234
1389	1422	125
1422	1423	68
1424	1734	334
1426	1428	478
1457	1461	184
1470	1471	72
1465	1474	230
1477	1480	93
1481	1482	39
1494	1497	43
1496	1497	80
1457	1500	278
1501	1528	502
1502	1503	50
1504	1505	52
1523	1525	69
1525	1527	128
1527	1531	328
1531	1534	268
1538	1539	31
1465	1546	414
1546	1566	169
1548	1554	125
1548	1556	245
1556	1598	108
1577	1579	169
1578	1579	58
1568	1571	112
1574	1582	74
1587	1590	421
1622	1624	29
1577	1581	359
1591	1630	164
1626	1629	166
1593	1647	260
1535	1640	413
1648	1656	399
1656	1658	37
1691	1820	377
1695	1703	157
1700	1702	15
1706	1829	593
1699	1724	393
1727	1728	83
1601	1735	217
1721	1735	361
1735	1739	219
1601	1739	219
1740	1743	76
1744	1785	172
1756	1758	182
1758	1770	168
1771	1774	232
1778	1779	186
1780	1781	187
1780	1897	184
1783	1786	266
1790	1791	152
1751	1796	196
1802	1804	84
1791	1803	192
1803	1808	156
1800	1807	178
1808	1810	155
1810	1927	154
1848	1850	77
1849	1856	72
1854	1860	93
1860	1865	48
1862	1873	472
1873	1883	183
1879	1884	96
1884	1887	97
1881	1885	46
1886	1887	38
1885	1886	126
1893	1896	237
1894	1897	380
1906	1909	204
1908	1910	57
1922	1923	92
1922	1924	94
1926	1927	312
1911	1938	214
1881	1939	378
1971	1983	351
1971	1975	244
1976	1977	132
1754	1988	134
1989	1990	58
1991	1992	284
1813	1990	310
1991	2029	392
1993	1994	351
1994	1995	173
1984	1996	343
1997	2000	219
2000	2002	198
2029	2032	283
2180	2181	75
2179	2182	45
814	819	486
819	2205	1303
2329	2331	280
2330	2340	418
2339	2344	249
2344	2345	298
2357	2359	48
2361	2392	683
2393	2405	734
2392	2576	1641
2358	2422	76
2416	2423	70
2473	2478	290
2478	2479	90
2513	2516	116
2517	2518	199
2515	2521	319
2518	2519	311
2521	2522	177
2521	2524	223
2531	2532	138
2532	2644	233
2568	2570	310
2569	2570	309
2576	2617	789
2617	2619	625
2619	2813	1331
2685	2686	170
2205	2691	1894
2691	2693	248
2693	2709	1073
2709	2715	486
2715	2735	561
2716	2740	454
2735	2764	1691
2740	2748	932
2748	2781	1842
2763	2765	851
2781	2822	650
2822	2825	480
2813	2845	991
2847	2851	530
2851	2883	1252
2852	2857	1261
2853	2855	1632
2825	2871	358
2871	2878	1221
2852	2889	1757
2762	2912	6839
2889	2931	2157
2931	2941	1701
2942	2953	3188
2990	3032	3515
3032	3058	1513
3058	3065	2318
1533	3082	812
3065	3106	2172
3120	3121	90
3121	3122	75
3106	3134	1419
3134	3136	137
3136	3149	1182
3149	3158	525
3187	3188	104
3158	3256	501
3256	3261	819
3258	3269	913
3259	3264	368
3264	3266	2349
3266	3316	791
3269	3273	697
3275	3276	812
2533	2646	195
2646	3291	721
3276	3299	2922
3316	3328	7256
2855	2860	1553
1549	1558	204
1539	3352	128
1539	1544	119
1373	3352	211
